   0.000000258586573
  -0.000001638422469
   0.000002088172469
   0.000001424038081
   0.000000737667181
   0.000000399675639
   0.000000262582369
   0.000000211388742
   0.000000191971484
   0.000000182963405
   0.000000176300411
   0.000000169365023
   0.000000161083762
   0.000000151328107
   0.000000139894166
   0.000000126950572
   0.000000112424552
   0.000000096545827
   0.000000079277151
   0.000000060887250
   0.000000041370318
   0.000000021024650
  -0.000000000135718
  -0.000000021786827
  -0.000000043890641
  -0.000000066109219
  -0.000000088388702
  -0.000000110378092
  -0.000000132010662
  -0.000000152933366
  -0.000000173087969
  -0.000000192106964
  -0.000000209948098
  -0.000000226266764
  -0.000000241020936
  -0.000000253881544
  -0.000000264842435
  -0.000000273600111
  -0.000000280168810
  -0.000000284277314
  -0.000000285973674
  -0.000000285047554
  -0.000000281584091
  -0.000000275399247
  -0.000000266637037
  -0.000000255166984
  -0.000000241169341
  -0.000000224561430
  -0.000000205583523
  -0.000000184210894
  -0.000000160722311
  -0.000000135138106
  -0.000000107785401
  -0.000000078727573
  -0.000000048338224
  -0.000000016715264
   0.000000015726634
   0.000000048852161
   0.000000082274454
   0.000000115676008
   0.000000149103400
   0.000000181062231
   0.000000214214887
   0.000000242075519
   0.000000275052446
   0.000000297609153
   0.000000326299627
   0.000000348278081
   0.000000366022539
   0.000000386193570
   0.000000399900040
   0.000000408425951
   0.000000417317895
   0.000000422567241
   0.000000420776064
   0.000000416064367
   0.000000410093011
   0.000000399662686
   0.000000383003290
   0.000000362775552
   0.000000340798202
   0.000000315947178
   0.000000286170482
   0.000000251993649
   0.000000215239689
   0.000000177241874
   0.000000137339507
   0.000000094682490
   0.000000049043720
   0.000000001645691
  -0.000000046303046
  -0.000000093879813
  -0.000000141229894
  -0.000000188481161
  -0.000000235822878
  -0.000000282613921
  -0.000000328176082
  -0.000000371445925
  -0.000000411863193
  -0.000000448838523
  -0.000000482320494
  -0.000000512013732
  -0.000000537920273
  -0.000000559672561
  -0.000000577129410
  -0.000000589825861
  -0.000000597622797
  -0.000000600128416
  -0.000000597329599
  -0.000000588969993
  -0.000000575166942
  -0.000000555805806
  -0.000000531115516
  -0.000000501067053
  -0.000000465984659
  -0.000000425947962
  -0.000000381373894
  -0.000000332411533
  -0.000000279569114
  -0.000000223107200
  -0.000000163574081
  -0.000000101401431
  -0.000000036994095
   0.000000028737234
   0.000000096052330
   0.000000162868498
   0.000000230944990
   0.000000296463627
   0.000000362485578
   0.000000425070893
   0.000000485573754
   0.000000543506557
   0.000000596345632
   0.000000645996580
   0.000000690637927
   0.000000729136405
   0.000000762679876
   0.000000790088252
   0.000000810020474
   0.000000823766515
   0.000000830665365
   0.000000829546776
   0.000000820958891
   0.000000805606592
   0.000000782349700
   0.000000751202705
   0.000000713075417
   0.000000668325322
   0.000000616235921
   0.000000557400649
   0.000000492806320
   0.000000423003308
   0.000000347701773
   0.000000267635611
   0.000000183874358
   0.000000097386524
   0.000000008231633
  -0.000000082921544
  -0.000000175098627
  -0.000000266954650
  -0.000000357986746
  -0.000000447603611
  -0.000000535194284
  -0.000000619444895
  -0.000000699458709
  -0.000000774418308
  -0.000000844028702
  -0.000000907515940
  -0.000000964133965
  -0.000001012847485
  -0.000001053240910
  -0.000001084860705
  -0.000001107612797
  -0.000001120962486
  -0.000001124586546
  -0.000001117966029
  -0.000001101142463
  -0.000001074088612
  -0.000001037178604
  -0.000000990436082
  -0.000000934146694
  -0.000000868360075
  -0.000000793564134
  -0.000000710238043
  -0.000000619091760
  -0.000000521042768
  -0.000000416549089
  -0.000000306958292
  -0.000000192159054
  -0.000000074237498
   0.000000047209235
   0.000000169755414
   0.000000293211045
   0.000000416143059
   0.000000536888545
   0.000000655433341
   0.000000769600618
   0.000000878949253
   0.000000982613261
   0.000001078956295
   0.000001167430164
   0.000001247319792
   0.000001316948939
   0.000001376201799
   0.000001424292333
   0.000001460175576
   0.000001483552928
   0.000001494430538
   0.000001491817736
   0.000001475796315
   0.000001446550783
   0.000001403957118
   0.000001347787675
   0.000001278888956
   0.000001197550491
   0.000001104061104
   0.000000998982089
   0.000000883561489
   0.000000758335928
   0.000000624158229
   0.000000482102827
   0.000000333725588
   0.000000179885048
   0.000000021820134
  -0.000000139105629
  -0.000000301134481
  -0.000000463154922
  -0.000000623753290
  -0.000000781510428
  -0.000000934606503
  -0.000001081820450
  -0.000001221798931
  -0.000001353316650
  -0.000001474705301
  -0.000001584832294
  -0.000001682529732
  -0.000001766985137
  -0.000001836985051
  -0.000001891681766
  -0.000001930207180
  -0.000001952268356
  -0.000001957306186
  -0.000001945052164
  -0.000001915079069
  -0.000001867542959
  -0.000001802616913
  -0.000001720713249
  -0.000001622237216
  -0.000001507576160
  -0.000001377768740
  -0.000001233415808
  -0.000001076210181
  -0.000000906682083
  -0.000000726707900
  -0.000000537181415
  -0.000000339885669
  -0.000000136748105
   0.000000071011592
   0.000000280942074
   0.000000491905445
   0.000000701761477
   0.000000908503510
   0.000001110453136
   0.000001305521807
   0.000001491713504
   0.000001667774533
   0.000001831514044
   0.000001981515763
   0.000002116264319
   0.000002234110812
   0.000002333645482
   0.000002414147615
   0.000002474208226
   0.000002513178280
   0.000002530480028
   0.000002525555557
   0.000002497803855
   0.000002447533272
   0.000002374647708
   0.000002279447326
   0.000002162487912
   0.000002024778658
   0.000001866831099
   0.000001689890929
   0.000001495255745
   0.000001284489773
   0.000001058911083
   0.000000820619280
   0.000000571540950
   0.000000313776016
   0.000000049243325
  -0.000000219500616
  -0.000000490236923
  -0.000000760596095
  -0.000001028366708
  -0.000001290824906
  -0.000001545672536
  -0.000001790482484
  -0.000002023106107
  -0.000002240995181
  -0.000002442096709
  -0.000002624342114
  -0.000002786043926
  -0.000002925198579
  -0.000003040341105
  -0.000003130032120
  -0.000003193316249
  -0.000003229071248
  -0.000003236580544
  -0.000003215357803
  -0.000003165232542
  -0.000003086348070
  -0.000002978709866
  -0.000002843099474
  -0.000002680065893
  -0.000002491058912
  -0.000002277108430
  -0.000002039786377
  -0.000001780971950
  -0.000001502410366
  -0.000001206823292
  -0.000000896051180
  -0.000000572967317
  -0.000000240122106
   0.000000099639039
   0.000000443240105
   0.000000787726610
   0.000001130281963
   0.000001467467841
   0.000001796547594
   0.000002114192119
   0.000002417455833
   0.000002703537201
   0.000002969736814
   0.000003213107788
   0.000003431476911
   0.000003622265751
   0.000003783499794
   0.000003913389418
   0.000004010423782
   0.000004072971611
   0.000004100291494
   0.000004091461616
   0.000004046114034
   0.000003964123419
   0.000003845948173
   0.000003691774910
   0.000003502658150
   0.000003279745379
   0.000003024643242
   0.000002738989869
   0.000002425207090
   0.000002085510878
   0.000001722575600
   0.000001339192102
   0.000000938757517
   0.000000524394529
   0.000000099708089
  -0.000000331723516
  -0.000000765977499
  -0.000001199518274
  -0.000001628331250
  -0.000002048580684
  -0.000002456242753
  -0.000002847743978
  -0.000003219203167
  -0.000003567132241
  -0.000003888000885
  -0.000004178829469
  -0.000004436459632
  -0.000004658149427
  -0.000004841379792
  -0.000004984097155
  -0.000005084486230
  -0.000005140945089
  -0.000005152545357
  -0.000005118497551
  -0.000005038628528
  -0.000004912840125
  -0.000004741646857
  -0.000004526109489
  -0.000004267337394
  -0.000003967354441
  -0.000003627861354
  -0.000003251764486
  -0.000002841714877
  -0.000002400980769
  -0.000001933023169
  -0.000001441614399
  -0.000000930783283
  -0.000000405038883
   0.000000131497453
   0.000000673907497
   0.000001217611974
   0.000001757660377
   0.000002289236809
   0.000002807463379
   0.000003307777497
   0.000003785158040
   0.000004235302005
   0.000004653725623
   0.000005036367999
   0.000005379299497
   0.000005679102729
   0.000005932237469
   0.000006136101825
   0.000006288122674
   0.000006386347477
   0.000006429053408
   0.000006415343595
   0.000006344327442
   0.000006216114030
   0.000006031038205
   0.000005790057996
   0.000005494363745
   0.000005146129597
   0.000004747601924
   0.000004301770476
   0.000003811897835
   0.000003281932223
   0.000002715807539
   0.000002118257355
   0.000001494125363
   0.000000848755314
   0.000000187378018
  -0.000000484136913
  -0.000001160083280
  -0.000001834421558
  -0.000002501280870
  -0.000003154392815
  -0.000003787951202
  -0.000004396019402
  -0.000004972973533
  -0.000005513128543
  -0.000006011279175
  -0.000006462472676
  -0.000006862061134
  -0.000007205845072
  -0.000007490051620
  -0.000007711493335
  -0.000007867302398
  -0.000007955179217
  -0.000007973626393
  -0.000007921447835
  -0.000007798446722
  -0.000007604471812
  -0.000007340707140
  -0.000007008351748
  -0.000006609610933
  -0.000006147073385
  -0.000005624111131
  -0.000005044603730
  -0.000004413090229
  -0.000003734259393
  -0.000003013832627
  -0.000002257438959
  -0.000001471518436
  -0.000000662555475
   0.000000162475652
   0.000000996520811
   0.000001832072644
   0.000002662025988
   0.000003478732574
   0.000004274917910
   0.000005043130321
   0.000005776276359
   0.000006467279022
   0.000007109705034
   0.000007696949860
   0.000008223300596
   0.000008683239744
   0.000009071982582
   0.000009384996653
   0.000009618768367
   0.000009769997996
   0.000009836479349
   0.000009816487277
   0.000009709217273
   0.000009514331705
   0.000009232714474
   0.000008865634718
   0.000008415394499
   0.000007884849059
   0.000007277854710
   0.000006598618375
   0.000005852484654
   0.000005045152518
   0.000004183132360
   0.000003273202248
   0.000002323069330
   0.000001340537625
   0.000000334039949
  -0.000000687921998
  -0.000001716294731
  -0.000002742214876
  -0.000003756440821
  -0.000004749843661
  -0.000005713300829
  -0.000006637988968
  -0.000007515198058
  -0.000008336509059
  -0.000009093948549
  -0.000009780055346
  -0.000010387786618
  -0.000010910883714
  -0.000011343533490
  -0.000011681039091
  -0.000011918910790
  -0.000012054078350
  -0.000012083878566
  -0.000012006993304
  -0.000011822619327
  -0.000011531143228
  -0.000011133813222
  -0.000010632957238
  -0.000010031566842
  -0.000009333999855
  -0.000008545054101
  -0.000007670838869
  -0.000006717853519
  -0.000005693708065
  -0.000004606577100
  -0.000003465487588
  -0.000002279682679
  -0.000001059366088
   0.000000185255227
   0.000001443268294
   0.000002703798168
   0.000003955587357
   0.000005187547961
   0.000006388279102
   0.000007547016544
   0.000008652788917
   0.000009695292891
   0.000010664363580
   0.000011550650814
   0.000012345110236
   0.000013039815020
   0.000013627200225
   0.000014100875313
   0.000014455195238
   0.000014685731983
   0.000014788721906
   0.000014761892563
   0.000014603777888
   0.000014314332468
   0.000013894438503
   0.000013346413520
   0.000012673346728
   0.000011879898525
   0.000010971543264
   0.000009955063017
   0.000008838008887
   0.000007629291113
   0.000006338371800
   0.000004975836984
   0.000003552798864
   0.000002081280612
   0.000000573593131
  -0.000000957224740
  -0.000002497869694
  -0.000004034778298
  -0.000005554361061
  -0.000007042848917
  -0.000008486705225
  -0.000009872543830
  -0.000011187508759
  -0.000012418911147
  -0.000013555057618
  -0.000014584498224
  -0.000015497052746
  -0.000016282968124
  -0.000016934018637
  -0.000017442679020
  -0.000017802828084
  -0.000018009391589
  -0.000018058839861
  -0.000017948747887
  -0.000017678336449
  -0.000017247856722
  -0.000016659491305
  -0.000015916354969
  -0.000015023330097
  -0.000013986457657
  -0.000012813369249
  -0.000011512676936
  -0.000010094554201
  -0.000008569977051
  -0.000006951435364
  -0.000005251992288
  -0.000003485846101
  -0.000001667747988
   0.000000186628118
   0.000002061500500
   0.000003940262878
   0.000005806491206
   0.000007643310639
   0.000009434245313
   0.000011162756852
   0.000012812944306
   0.000014369027171
   0.000015816279258
   0.000017140461202
   0.000018328497975
   0.000019368111939
   0.000020248482145
   0.000020959724149
   0.000021493717075
   0.000021843487293
   0.000022003853900
   0.000021971024566
   0.000021743214989
   0.000021319912250
   0.000020702693395
   0.000019894615235
   0.000018900723048
   0.000017727474510
   0.000016383319028
   0.000014877966534
   0.000013222971578
   0.000011431147986
   0.000009516850553
   0.000007495469981
   0.000005383749977
   0.000003199315170
   0.000000960698152
  -0.000001313022423
  -0.000003601977733
  -0.000005886199315
  -0.000008145250365
  -0.000010358970991
  -0.000012506969139
  -0.000014569715678
  -0.000016527693911
  -0.000018362494674
  -0.000020056225038
  -0.000021592380504
  -0.000022955350897
  -0.000024131087426
  -0.000025106842543
  -0.000025871777715
  -0.000026416418526
  -0.000026733544506
  -0.000026817430446
  -0.000026664758737
  -0.000026273894948
  -0.000025645615669
  -0.000024782580560
  -0.000023689790439
  -0.000022373974097
  -0.000020844368224
  -0.000019111826331
  -0.000017189421794
  -0.000015091767141
  -0.000012835514572
  -0.000010438616287
  -0.000007920833346
  -0.000005302794671
  -0.000002606728907
   0.000000144572192
   0.000002927287450
   0.000005717290539
   0.000008489768527
   0.000011220129308
   0.000013883534976
   0.000016455747338
   0.000018912751728
   0.000021231527710
   0.000023389754432
   0.000025366591067
   0.000027142177904
   0.000028698541097
   0.000030019155735
   0.000031089636965
   0.000031897332509
   0.000032432142293
   0.000032685889245
   0.000032653122215
   0.000032330580781
   0.000031717754769
   0.000030816422226
   0.000029631310613
   0.000028169376201
   0.000026440318726
   0.000024456152174
   0.000022231474991
   0.000019782991499
   0.000017129784376
   0.000014292790794
   0.000011295020989
   0.000008160942667
   0.000004916845992
   0.000001589912756
  -0.000001791214897
  -0.000005197428257
  -0.000008598644578
  -0.000011964963108
  -0.000015265965048
  -0.000018471763538
  -0.000021552707347
  -0.000024480143385
  -0.000027226144075
  -0.000029764341761
  -0.000032069595934
  -0.000034118862723
  -0.000035890653806
  -0.000037366133045
  -0.000038528449174
  -0.000039363625689
  -0.000039860129437
  -0.000040009583606
  -0.000039806282389
  -0.000039247872060
  -0.000038334723933
  -0.000037070763158
  -0.000035462709673
  -0.000033520691152
  -0.000031257646267
  -0.000028689848419
  -0.000025836028036
  -0.000022718113856
  -0.000019360247758
  -0.000015789336723
  -0.000012034173126
  -0.000008125829234
  -0.000004096867361
   0.000000018391442
   0.000004184818440
   0.000008366061113
   0.000012525415631
   0.000016625681346
   0.000020630018725
   0.000024501635499
   0.000028204783347
   0.000031704441074
   0.000034967259135
   0.000037961254248
   0.000040656705193
   0.000043025833227
   0.000045043762350
   0.000046688032516
   0.000047939483828
   0.000048781954564
   0.000049202950524
   0.000049193215681
   0.000048747499652
   0.000047864051181
   0.000046545155111
   0.000044796820637
   0.000042629090753
   0.000040055588776
   0.000037093983729
   0.000033765318146
   0.000030094406668
   0.000026109061151
   0.000021840643097
   0.000017322983284
   0.000012592934059
   0.000007689311013
   0.000002653372589
  -0.000002472303686
  -0.000007643438584
  -0.000012815083221
  -0.000017941479953
  -0.000022976885516
  -0.000027875423404
  -0.000032592220178
  -0.000037083023942
  -0.000041305345319
  -0.000045218100232
  -0.000048782805897
  -0.000051963160875
  -0.000054726017333
  -0.000057041210359
  -0.000058882416919
  -0.000060226765816
  -0.000061055810815
  -0.000061355018413
  -0.000061114655272
  -0.000060329258883
  -0.000058998404288
  -0.000057126117446
  -0.000054721620016
  -0.000051798467944
  -0.000048375385154
  -0.000044475420453
  -0.000040126375222
  -0.000035360107372
  -0.000030212875838
  -0.000024724479085
  -0.000018938552330
  -0.000012901655287
  -0.000006663494852
  -0.000000275972257
   0.000006206699482
   0.000012728989207
   0.000019233869636
   0.000025664022398
   0.000031961657708
   0.000038069554545
   0.000043930996340
   0.000049490959953
   0.000054695897438
   0.000059494870529
   0.000063839425925
   0.000067684642870
   0.000070989019941
   0.000073715389100
   0.000075830731018
   0.000077307152318
   0.000078121655382
   0.000078256802492
   0.000077700606731
   0.000076447141452
   0.000074496082001
   0.000071853492382
   0.000068531167381
   0.000064547305374
   0.000059925735401
   0.000054696578548
   0.000048895236874
   0.000042562996304
   0.000035746037241
   0.000028495786213
   0.000020867873450
   0.000012922402673
   0.000004722936445
  -0.000003663495389
  -0.000012167460088
  -0.000020716961097
  -0.000029238823087
  -0.000037658442477
  -0.000045901176633
  -0.000053892256473
  -0.000061558064063
  -0.000068826099943
  -0.000075626235121
  -0.000081890773106
  -0.000087555584554
  -0.000092559984955
  -0.000096848108319
  -0.000100368671779
  -0.000103076098923
  -0.000104930310950
  -0.000105897875751
  -0.000105951578246
  -0.000105071526064
  -0.000103244617605
  -0.000100465454758
  -0.000096735884642
  -0.000092065542591
  -0.000086471422364
  -0.000079978395154
  -0.000072618461704
  -0.000064431180025
  -0.000055462911052
  -0.000045767030895
  -0.000035403007238
  -0.000024436628268
  -0.000012938911430
  -0.000000986227629
   0.000011340922295
   0.000023957858353
   0.000036776947500
   0.000049707673941
   0.000062658007662
   0.000075534415690
   0.000088243239978
   0.000100690918086
   0.000112785216460
   0.000124435410144
   0.000135553651690
   0.000146055126197
   0.000155859245393
   0.000164889847088
   0.000173076317907
   0.000180353734559
   0.000186663991982
   0.000191955555560
   0.000196184780887
   0.000199315563568
   0.000201320348953
   0.000202179708116
   0.000201883338302
   0.000200429399798
   0.000197825331580
   0.000194087192898
   0.000189240201946
   0.000183317990559
   0.000176363002309
   0.000168425593782
   0.000159564259533
   0.000149844551489
   0.000139339394647
   0.000128127656705
   0.000116294366256
   0.000103929375974
   0.000091127239497
   0.000077985872163
   0.000064606395701
   0.000051091727325
   0.000037546357669
   0.000024074852241
   0.000010781726515
  -0.000002230209428
  -0.000014859903110
  -0.000027009616449
  -0.000038585073976
  -0.000049496980063
  -0.000059660934057
  -0.000068998942933
  -0.000077439495571
  -0.000084918640308
  -0.000091380077036
  -0.000096776139579
  -0.000101067734742
  -0.000104225248553
  -0.000106228203925
  -0.000107066055815
  -0.000106737819187
  -0.000105252616775
  -0.000102629015778
  -0.000098895612081
  -0.000094090141252
  -0.000088259804984
  -0.000081460324391
  -0.000073756132676
  -0.000065219189792
  -0.000055929044356
  -0.000045971563369
  -0.000035438858047
  -0.000024427932949
  -0.000013040390453
  -0.000001381070836
   0.000010442247106
   0.000022320391610
   0.000034143141593
   0.000045800635518
   0.000057183870965
   0.000068186220190
   0.000078703650308
   0.000088636411250
   0.000097889112710
   0.000106372354609
   0.000114002777779
   0.000120704491256
   0.000126409132473
   0.000131057219362
   0.000134597890191
   0.000136990124527
   0.000138202591895
   0.000138214500352
   0.000137015214694
   0.000134605070818
   0.000130994777045
   0.000126206073491
   0.000120270833923
   0.000113231682017
   0.000105140861584
   0.000096060563633
   0.000086061871565
   0.000075224686006
   0.000063636538222
   0.000051392540032
   0.000038593909794
   0.000025347803073
   0.000011765711820
  -0.000002036671947
  -0.000015941284310
  -0.000029827905858
  -0.000043575905870
  -0.000057064602652
  -0.000070175003323
  -0.000082790154759
  -0.000094796792001
  -0.000106085894357
  -0.000116554001028
  -0.000126103769960
  -0.000134645379693
  -0.000142096735353
  -0.000148384829586
  -0.000153445933342
  -0.000157226744523
  -0.000159684331514
  -0.000160787184828
  -0.000160514937386
  -0.000158859323672
  -0.000155823637247
  -0.000151423382108
  -0.000145685694632
  -0.000138649829397
  -0.000130366174626
  -0.000120896564446
  -0.000110313271967
  -0.000098698993905
  -0.000086145657191
  -0.000072754276626
  -0.000058633562008
  -0.000043899624346
  -0.000028674428273
  -0.000013085360115
   0.000002736357473
   0.000018656213648
   0.000034538255338
   0.000050245371523
   0.000065641340471
   0.000080591271543
   0.000094963428642
   0.000108629732593
   0.000121467567371
   0.000133360176143
   0.000144198436872
   0.000153881131982
   0.000162316554428
   0.000169422788558
   0.000175128990699
   0.000179375491029
   0.000182115155468
   0.000183313052279
   0.000182947607599
   0.000181010155733
   0.000177505878347
   0.000172453112649
   0.000165883876862
   0.000157843257587
   0.000148389604986
   0.000137593476266
   0.000125537856642
   0.000112316756999
   0.000098035286790
   0.000082808053083
   0.000066759040765
   0.000050019771755
   0.000032729009508
   0.000015030991794
  -0.000002925235521
  -0.000020987615500
  -0.000039001815712
  -0.000056812977858
  -0.000074266720284
  -0.000091210795400
  -0.000107495961271
  -0.000122977875563
  -0.000137517727142
  -0.000150984068135
  -0.000163253488976
  -0.000174212230815
  -0.000183756608632
  -0.000191794712681
  -0.000198246572795
  -0.000203045548574
  -0.000206138410271
  -0.000207486506088
  -0.000207065569501
  -0.000204866668093
  -0.000200895727438
  -0.000195174234977
  -0.000187738609010
  -0.000178640464796
  -0.000167945749291
  -0.000155734965713
  -0.000142101884328
  -0.000127153390310
  -0.000111008139592
  -0.000093796236416
  -0.000075657520210
  -0.000056741160510
  -0.000037203630857
  -0.000017208285998
   0.000003076791976
   0.000023479573318
   0.000043826069486
   0.000063941197904
   0.000083651022717
   0.000102783455012
   0.000121170459946
   0.000138648929131
   0.000155062698799
   0.000170263346451
   0.000184112107565
   0.000196480449794
   0.000207252092474
   0.000216323196954
   0.000223604138864
   0.000229019731262
   0.000232510546980
   0.000234032964867
   0.000233560203465
   0.000231082164077
   0.000226606185865
   0.000220156364899
   0.000211774409803
   0.000201518469355
   0.000189463525648
   0.000175700136143
   0.000160334553492
   0.000143487182853
   0.000125292231819
   0.000105896209891
   0.000085457138228
   0.000064142896818
   0.000042130244879
   0.000019602982089
  -0.000003249222739
  -0.000026232790746
  -0.000049151359283
  -0.000071808138315
  -0.000094006910298
  -0.000115554239881
  -0.000136260672447
  -0.000155942983942
  -0.000174425096451
  -0.000191540379092
  -0.000207132441074
  -0.000221057127544
  -0.000233183323418
  -0.000243394763628
  -0.000251590431968
  -0.000257686244893
  -0.000261615289063
  -0.000263329019752
  -0.000262797268066
  -0.000260009225457
  -0.000254973045959
  -0.000247716576968
  -0.000238286560553
  -0.000226748982341
  -0.000213188107470
  -0.000197706502907
  -0.000180423454532
  -0.000161474971213
  -0.000141011920930
  -0.000119199504229
  -0.000096215331676
  -0.000072248597106
  -0.000047497931173
  -0.000022170413771
   0.000003520948301
   0.000029358169403
   0.000055120765884
   0.000080587169705
   0.000105537135006
   0.000129752957926
   0.000153022139945
   0.000175138415880
   0.000195904417689
   0.000215132634314
   0.000232647766102
   0.000248287801322
   0.000261905897787
   0.000273371264769
   0.000282571038494
   0.000289410658649
   0.000293815562976
   0.000295731078198
   0.000295124041924
   0.000291982280615
   0.000286315578804
   0.000278155180705
   0.000267554207233
   0.000254586829573
   0.000239348204212
   0.000221953551880
   0.000202537462061
   0.000181252574828
   0.000158268837399
   0.000133771745313
   0.000107961233592
   0.000081049586635
   0.000053260334795
   0.000024825721980
  -0.000004014599805
  -0.000033016135823
  -0.000061931086480
  -0.000090511041234
  -0.000118508345673
  -0.000145679034037
  -0.000171784335943
  -0.000196593225327
  -0.000219883917418
  -0.000241446523271
  -0.000261084195335
  -0.000278615556899
  -0.000293875818526
  -0.000306718805536
  -0.000317017805165
  -0.000324667455838
  -0.000329584007103
  -0.000331706891128
  -0.000330998841451
  -0.000327446953514
  -0.000321062261244
  -0.000311880577688
  -0.000299961509860
  -0.000285388971653
  -0.000268269909812
  -0.000248734061655
  -0.000226932537857
  -0.000203037288989
  -0.000177238941787
  -0.000149746120775
  -0.000120783084668
  -0.000090588539801
  -0.000059413107145
  -0.000027517742348
   0.000004828981838
   0.000037352325086
   0.000069774687452
   0.000101817047396
   0.000133202026610
   0.000163655781063
   0.000192910852083
   0.000220708045426
   0.000246799143557
   0.000270948531239
   0.000292936173811
   0.000312558586916
   0.000329631657036
   0.000343991446692
   0.000355496611040
   0.000364029029390
   0.000369495487994
   0.000371828359374
   0.000370986545912
   0.000366955749746
   0.000359749067972
   0.000349406907493
   0.000335996916744
   0.000319613293684
   0.000300376693854
   0.000278432821255
   0.000253951826207
   0.000227126505569
   0.000198171422135
   0.000167320480667
   0.000134825733131
   0.000100954820530
   0.000065989285714
   0.000030221562401
  -0.000006046641962
  -0.000042507577448
  -0.000078849538214
  -0.000114760000578
  -0.000149927715332
  -0.000184046080607
  -0.000216815030045
  -0.000247944311248
  -0.000277155607091
  -0.000304185458569
  -0.000328786928172
  -0.000350732672525
  -0.000369816265925
  -0.000385854722756
  -0.000398689653500
  -0.000408189418461
  -0.000414249693001
  -0.000416795459649
  -0.000415780957198
  -0.000411190899591
  -0.000403040365044
  -0.000391375368952
  -0.000376272042770
  -0.000357836959956
  -0.000336205563530
  -0.000311542031541
  -0.000284037441646
  -0.000253908692052
  -0.000221396384953
  -0.000186763654242
  -0.000150293163332
  -0.000112285710875
  -0.000073056881150
  -0.000032935194694
   0.000007741079185
   0.000048626526416
   0.000089371800142
   0.000129625989115
   0.000169040476077
   0.000207271023791
   0.000243981767402
   0.000278847005146
   0.000311555084512
   0.000341810513982
   0.000369337009514
   0.000393879695434
   0.000415207620979
   0.000433115883310
   0.000447427489318
   0.000457995018673
   0.000464702342163
   0.000467465576472
   0.000466234208891
   0.000460991404379
   0.000451755003433
   0.000438576917086
   0.000421543490836
   0.000400774501211
   0.000376422921979
   0.000348673101507
   0.000317740149114
   0.000283867755986
   0.000247326768393
   0.000208412362470
   0.000167442514287
   0.000124754752649
   0.000080703869316
   0.000035658532084
  -0.000010001170868
  -0.000055887722208
  -0.000101608659205
  -0.000146770429769
  -0.000190981365309
  -0.000233855641880
  -0.000275015799563
  -0.000314096902116
  -0.000350749017159
  -0.000384640889278
  -0.000415462427620
  -0.000442928191647
  -0.000466779032535
  -0.000486785431052
  -0.000502749059006
  -0.000514505099358
  -0.000521923444393
  -0.000524910658271
  -0.000523410223501
  -0.000517404266106
  -0.000506913111454
  -0.000491995859969
  -0.000472749823013
  -0.000449310427276
  -0.000421849622547
  -0.000390575577281
  -0.000355730077820
  -0.000317587647193
  -0.000276452855844
  -0.000232658110746
  -0.000186560794044
  -0.000138540785775
  -0.000088996762773
  -0.000038343832500
   0.000012991201146
   0.000064572095820
   0.000115957869237
   0.000166705851355
   0.000216375979442
   0.000264534322919
   0.000310756701354
   0.000354632730961
   0.000395769276902
   0.000433793986638
   0.000468358545238
   0.000499141850242
   0.000525853183426
   0.000548234448054
   0.000566063089126
   0.000579153861769
   0.000587361251012
   0.000590580193842
   0.000588747951088
   0.000581844485074
   0.000569893440840
   0.000552961531853
   0.000531159077066
   0.000504638728690
   0.000473594899673
   0.000438261817212
   0.000398912629107
   0.000355856598481
   0.000309437169904
   0.000260028841003
   0.000208034812861
   0.000153882869768
   0.000098022701252
   0.000040921735431
  -0.000016938398060
  -0.000075066591706
  -0.000132965412326
  -0.000190136200885
  -0.000246082730332
  -0.000300315913363
  -0.000352357528232
  -0.000401745259450
  -0.000448035725999
  -0.000490809179489
  -0.000529672907908
  -0.000564265104200
  -0.000594257660729
  -0.000619360099035
  -0.000639321213597
  -0.000653932419782
  -0.000663029446233
  -0.000666494264321
  -0.000664256010863
  -0.000656292669021
  -0.000642630578721
  -0.000623345778472
  -0.000598562784722
  -0.000568454213586
  -0.000533239644117
  -0.000493184190723
  -0.000448596173518
  -0.000399825600533
  -0.000347260108988
  -0.000291323502066
  -0.000232471090585
  -0.000171186911746
  -0.000107979266192
  -0.000043376566488
   0.000022076556358
   0.000087824411274
   0.000153304458272
   0.000217952577926
   0.000281207414017
   0.000342515327940
   0.000401335433138
   0.000457144054824
   0.000509439561598
   0.000557746359290
   0.000601619926497
   0.000640650216198
   0.000674465879113
   0.000702737126687
   0.000725179655579
   0.000741556757800
   0.000751682139873
   0.000755421364679
   0.000752694255607
   0.000743475200468
   0.000727794220912
   0.000705736709638
   0.000677443843494
   0.000643110929552
   0.000602986755671
   0.000557371540242
   0.000506615314671
   0.000451114343762
   0.000391308930664
   0.000327679518785
   0.000260743243294
   0.000191049110811
   0.000119174631361
   0.000045720116098
  -0.000028695871156
  -0.000103441928595
  -0.000177878474763
  -0.000251364202905
  -0.000323260522268
  -0.000392937595773
  -0.000459779713025
  -0.000523190991511
  -0.000582599706490
  -0.000637464579878
  -0.000687278618531
  -0.000731574224821
  -0.000769927532493
  -0.000801962519502
  -0.000827353747786
  -0.000845830866921
  -0.000857180060802
  -0.000861247205852
  -0.000857939537774
  -0.000847226586673
  -0.000829140988660
  -0.000803779300345
  -0.000771300437222
  -0.000731926657371
  -0.000685940246199
  -0.000633682835899
  -0.000575552498470
  -0.000512000632663
  -0.000443529381251
  -0.000370686418503
  -0.000294061849099
  -0.000214282523278
  -0.000132007876634
  -0.000047923988335
   0.000037262035621
   0.000122827802990
   0.000208041846592
   0.000292169338943
   0.000374479050721
   0.000454249116818
   0.000530773750145
   0.000603368643543
   0.000671377799488
   0.000734178927211
   0.000791189477310
   0.000841871141639
   0.000885735628169
   0.000922348819326
   0.000951335416865
   0.000972381788507
   0.000985239971667
   0.000989729987579
   0.000985742343584
   0.000973238683479
   0.000952253643700
   0.000922894729772
   0.000885342307234
   0.000839847886082
   0.000786733682061
   0.000726389830200
   0.000659271857687
   0.000585896813715
   0.000506840529076
   0.000422732113009
   0.000334249378650
   0.000242113415594
   0.000147083465104
   0.000049949506261
  -0.000048473139187
  -0.000147350788243
  -0.000245838493143
  -0.000343087691746
  -0.000438252063637
  -0.000530496225016
  -0.000619002307867
  -0.000702976816438
  -0.000781657819093
  -0.000854322492959
  -0.000920292044333
  -0.000978939640880
  -0.001029695361427
  -0.001072051201382
  -0.001105566766603
  -0.001129873379893
  -0.001144676979744
  -0.001149763508751
  -0.001144998855788
  -0.001130332762145
  -0.001105799047040
  -0.001071515600860
  -0.001027685984482
  -0.000974596144315
  -0.000912615199671
  -0.000842190743452
  -0.000763847427524
  -0.000678182156059
  -0.000585860397396
  -0.000487611013642
  -0.000384220348298
  -0.000276526329005
  -0.000165411375703
  -0.000051796065891
   0.000063368912245
   0.000179110118038
   0.000294440219288
   0.000408365542409
   0.000519894866201
   0.000628047272784
   0.000731861447713
   0.000830403567506
   0.000922775966460
   0.001008124236696
   0.001085645693904
   0.001154596455112
   0.001214298902729
   0.001264147097501
   0.001303613259747
   0.001332252829806
   0.001349709848239
   0.001355719753638
   0.001350113048998
   0.001332817574187
   0.001303860976754
   0.001263370218860
   0.001211572028731
   0.001148792001190
   0.001075453623853
   0.000992074257975
   0.000899262427497
   0.000797713833859
   0.000688206627652
   0.000571594187064
   0.000448800079256
   0.000320810892631
   0.000188668007112
   0.000053458702863
  -0.000083690608073
  -0.000221625108586
  -0.000359171206915
  -0.000495145238205
  -0.000628363339381
  -0.000757653476345
  -0.000881862899721
  -0.000999869311557
  -0.001110591724041
  -0.001212998192056
  -0.001306115788745
  -0.001389041319237
  -0.001460945979954
  -0.001521087147675
  -0.001568813428083
  -0.001603570564789
  -0.001624910530395
  -0.001632491607043
  -0.001626087922059
  -0.001605587900130
  -0.001571000302164
  -0.001522453008497
  -0.001460194720783
  -0.001384593563274
  -0.001296135475056
  -0.001195421815004
  -0.001083165271055
  -0.000960185806439
  -0.000827404408734
  -0.000685837041484
  -0.000536586472942
  -0.000380834627686
  -0.000219833093135
  -0.000054894192099
   0.000112619888309
   0.000281307490827
   0.000449739643483
   0.000616471195846
   0.000780053250236
   0.000939044410206
   0.001092023576812
   0.001237601873052
   0.001374435656239
   0.001501237670570
   0.001616788831211
   0.001719948496319
   0.001809666080498
   0.001884990920558
   0.001945082131310
   0.001989215806069
   0.002016793111797
   0.002027346997019
   0.002020549119560
   0.001996213244915
   0.001954298527639
   0.001894911697352
   0.001818309952576
   0.001724899902129
   0.001615235513199
   0.001490015288558
   0.001350080744602
   0.001196410195088
   0.001030111324986
   0.000852414239399
   0.000664665521966
   0.000468316106798
   0.000264909878266
   0.000056074659880
  -0.000156489569042
  -0.000371028020374
  -0.000585741369247
  -0.000798798735385
  -0.001008357052174
  -0.001212573718763
  -0.001409618416526
  -0.001597696416913
  -0.001775056948397
  -0.001940009583623
  -0.002090945514244
  -0.002226340195397
  -0.002344781316084
  -0.002444969425496
  -0.002525740358058
  -0.002586070503141
  -0.002625091310481
  -0.002642097195019
  -0.002636554667631
  -0.002608109666139
  -0.002556593101043
  -0.002482025924456
  -0.002384621608861
  -0.002264788348550
  -0.002123128483221
  -0.001960437555125
  -0.001777700620651
  -0.001576088190422
  -0.001356949396564
  -0.001121804813587
  -0.000872336612063
  -0.000610378480047
  -0.000337902918665
  -0.000057008469950
   0.000230095511940
   0.000521104018845
   0.000813633791133
   0.001105240473550
   0.001393437765484
   0.001675715953884
   0.001949562212993
   0.002212479913694
   0.002462009364277
   0.002695747414789
   0.002911368414795
   0.003106643841106
   0.003279462990421
   0.003427851727954
   0.003549991401052
   0.003644235221103
   0.003709124850811
   0.003743405310786
   0.003746040750816
   0.003716227764074
   0.003653407259325
   0.003557271918332
   0.003427773377591
   0.003265128893076
   0.003069829229775
   0.002842641026139
   0.002584604110428
   0.002297026844998
   0.001981487524747
   0.001639832930192
   0.001274165901998
   0.000886828490918
   0.000480399768743
   0.000057688832200
  -0.000378295247970
  -0.000824361511622
  -0.001277132322778
  -0.001733086025374
  -0.002188584351082
  -0.002639854016748
  -0.003083071766715
  -0.003514329406203
  -0.003929704545108
  -0.004325259204616
  -0.004697080819673
  -0.005041303191089
  -0.005354135676527
  -0.005631889909277
  -0.005871006254374
  -0.006068080630604
  -0.006219889545697
  -0.006323415480840
  -0.006375870065202
  -0.006374717211225
  -0.006317693733067
  -0.006202829571791
  -0.006028465209421
  -0.005793268392236
  -0.005496247752718
  -0.005136765538943
  -0.004714547006415
  -0.004229688708422
  -0.003682663272121
  -0.003074322984456
  -0.002405899771246
  -0.001679003842235
  -0.000895618743202
  -0.000058095121882
   0.000830859154033
   0.001768190054240
   0.002750512010855
   0.003774123569482
   0.004835026419058
   0.005928945292858
   0.007051351037644
   0.008197484230876
   0.009362381707243
   0.010540903392266
   0.011727761620286
   0.012917550452671
   0.014104777118899
   0.015283893053619
   0.016449326664485
   0.017595515272921
   0.018716938387921
   0.019808149723877
   0.020863810106263
   0.021878718723832
   0.022847844832655
   0.023766357408384
   0.024629654817306
   0.025433392061240
   0.026173507689339
   0.026846247862580
   0.027448189802813
   0.027976262064071
   0.028427763890977
   0.028800381135244
   0.029092200999240
   0.029301723192624
   0.029427869733306
   0.029476089410454
   0.029427869733306
   0.029301723192624
   0.029092200999240
   0.028800381135244
   0.028427763890977
   0.027976262064071
   0.027448189802813
   0.026846247862580
   0.026173507689339
   0.025433392061240
   0.024629654817306
   0.023766357408384
   0.022847844832655
   0.021878718723832
   0.020863810106263
   0.019808149723877
   0.018716938387921
   0.017595515272921
   0.016449326664485
   0.015283893053619
   0.014104777118899
   0.012917550452671
   0.011727761620286
   0.010540903392266
   0.009362381707243
   0.008197484230876
   0.007051351037644
   0.005928945292858
   0.004835026419058
   0.003774123569482
   0.002750512010855
   0.001768190054240
   0.000830859154033
  -0.000058095121882
  -0.000895618743202
  -0.001679003842235
  -0.002405899771246
  -0.003074322984456
  -0.003682663272121
  -0.004229688708422
  -0.004714547006415
  -0.005136765538943
  -0.005496247752718
  -0.005793268392236
  -0.006028465209421
  -0.006202829571791
  -0.006317693733067
  -0.006374717211225
  -0.006375870065202
  -0.006323415480840
  -0.006219889545697
  -0.006068080630604
  -0.005871006254374
  -0.005631889909277
  -0.005354135676527
  -0.005041303191089
  -0.004697080819673
  -0.004325259204616
  -0.003929704545108
  -0.003514329406203
  -0.003083071766715
  -0.002639854016748
  -0.002188584351082
  -0.001733086025374
  -0.001277132322778
  -0.000824361511622
  -0.000378295247970
   0.000057688832200
   0.000480399768743
   0.000886828490918
   0.001274165901998
   0.001639832930192
   0.001981487524747
   0.002297026844998
   0.002584604110428
   0.002842641026139
   0.003069829229775
   0.003265128893076
   0.003427773377591
   0.003557271918332
   0.003653407259325
   0.003716227764074
   0.003746040750816
   0.003743405310786
   0.003709124850811
   0.003644235221103
   0.003549991401052
   0.003427851727954
   0.003279462990421
   0.003106643841106
   0.002911368414795
   0.002695747414789
   0.002462009364277
   0.002212479913694
   0.001949562212993
   0.001675715953884
   0.001393437765484
   0.001105240473550
   0.000813633791133
   0.000521104018845
   0.000230095511940
  -0.000057008469950
  -0.000337902918665
  -0.000610378480047
  -0.000872336612063
  -0.001121804813587
  -0.001356949396564
  -0.001576088190422
  -0.001777700620651
  -0.001960437555125
  -0.002123128483221
  -0.002264788348550
  -0.002384621608861
  -0.002482025924456
  -0.002556593101043
  -0.002608109666139
  -0.002636554667631
  -0.002642097195019
  -0.002625091310481
  -0.002586070503141
  -0.002525740358058
  -0.002444969425496
  -0.002344781316084
  -0.002226340195397
  -0.002090945514244
  -0.001940009583623
  -0.001775056948397
  -0.001597696416913
  -0.001409618416526
  -0.001212573718763
  -0.001008357052174
  -0.000798798735385
  -0.000585741369247
  -0.000371028020374
  -0.000156489569042
   0.000056074659880
   0.000264909878266
   0.000468316106798
   0.000664665521966
   0.000852414239399
   0.001030111324986
   0.001196410195088
   0.001350080744602
   0.001490015288558
   0.001615235513199
   0.001724899902129
   0.001818309952576
   0.001894911697352
   0.001954298527639
   0.001996213244915
   0.002020549119560
   0.002027346997019
   0.002016793111797
   0.001989215806069
   0.001945082131310
   0.001884990920558
   0.001809666080498
   0.001719948496319
   0.001616788831211
   0.001501237670570
   0.001374435656239
   0.001237601873052
   0.001092023576812
   0.000939044410206
   0.000780053250236
   0.000616471195846
   0.000449739643483
   0.000281307490827
   0.000112619888309
  -0.000054894192099
  -0.000219833093135
  -0.000380834627686
  -0.000536586472942
  -0.000685837041484
  -0.000827404408734
  -0.000960185806439
  -0.001083165271055
  -0.001195421815004
  -0.001296135475056
  -0.001384593563274
  -0.001460194720783
  -0.001522453008497
  -0.001571000302164
  -0.001605587900130
  -0.001626087922059
  -0.001632491607043
  -0.001624910530395
  -0.001603570564789
  -0.001568813428083
  -0.001521087147675
  -0.001460945979954
  -0.001389041319237
  -0.001306115788745
  -0.001212998192056
  -0.001110591724041
  -0.000999869311557
  -0.000881862899721
  -0.000757653476345
  -0.000628363339381
  -0.000495145238205
  -0.000359171206915
  -0.000221625108586
  -0.000083690608073
   0.000053458702863
   0.000188668007112
   0.000320810892631
   0.000448800079256
   0.000571594187064
   0.000688206627652
   0.000797713833859
   0.000899262427497
   0.000992074257975
   0.001075453623853
   0.001148792001190
   0.001211572028731
   0.001263370218860
   0.001303860976754
   0.001332817574187
   0.001350113048998
   0.001355719753638
   0.001349709848239
   0.001332252829806
   0.001303613259747
   0.001264147097501
   0.001214298902729
   0.001154596455112
   0.001085645693904
   0.001008124236696
   0.000922775966460
   0.000830403567506
   0.000731861447713
   0.000628047272784
   0.000519894866201
   0.000408365542409
   0.000294440219288
   0.000179110118038
   0.000063368912245
  -0.000051796065891
  -0.000165411375703
  -0.000276526329005
  -0.000384220348298
  -0.000487611013642
  -0.000585860397396
  -0.000678182156059
  -0.000763847427524
  -0.000842190743452
  -0.000912615199671
  -0.000974596144315
  -0.001027685984482
  -0.001071515600860
  -0.001105799047040
  -0.001130332762145
  -0.001144998855788
  -0.001149763508751
  -0.001144676979744
  -0.001129873379893
  -0.001105566766603
  -0.001072051201382
  -0.001029695361427
  -0.000978939640880
  -0.000920292044333
  -0.000854322492959
  -0.000781657819093
  -0.000702976816438
  -0.000619002307867
  -0.000530496225017
  -0.000438252063637
  -0.000343087691746
  -0.000245838493143
  -0.000147350788243
  -0.000048473139187
   0.000049949506261
   0.000147083465104
   0.000242113415594
   0.000334249378650
   0.000422732113009
   0.000506840529076
   0.000585896813715
   0.000659271857687
   0.000726389830200
   0.000786733682061
   0.000839847886082
   0.000885342307234
   0.000922894729772
   0.000952253643700
   0.000973238683479
   0.000985742343584
   0.000989729987579
   0.000985239971667
   0.000972381788507
   0.000951335416865
   0.000922348819326
   0.000885735628169
   0.000841871141639
   0.000791189477310
   0.000734178927211
   0.000671377799488
   0.000603368643543
   0.000530773750145
   0.000454249116818
   0.000374479050721
   0.000292169338943
   0.000208041846592
   0.000122827802990
   0.000037262035621
  -0.000047923988335
  -0.000132007876634
  -0.000214282523278
  -0.000294061849099
  -0.000370686418503
  -0.000443529381251
  -0.000512000632663
  -0.000575552498470
  -0.000633682835899
  -0.000685940246199
  -0.000731926657371
  -0.000771300437222
  -0.000803779300345
  -0.000829140988660
  -0.000847226586673
  -0.000857939537774
  -0.000861247205852
  -0.000857180060802
  -0.000845830866921
  -0.000827353747786
  -0.000801962519502
  -0.000769927532493
  -0.000731574224821
  -0.000687278618531
  -0.000637464579878
  -0.000582599706490
  -0.000523190991511
  -0.000459779713025
  -0.000392937595773
  -0.000323260522268
  -0.000251364202905
  -0.000177878474763
  -0.000103441928595
  -0.000028695871156
   0.000045720116098
   0.000119174631361
   0.000191049110811
   0.000260743243294
   0.000327679518785
   0.000391308930664
   0.000451114343762
   0.000506615314671
   0.000557371540242
   0.000602986755671
   0.000643110929552
   0.000677443843494
   0.000705736709638
   0.000727794220912
   0.000743475200468
   0.000752694255607
   0.000755421364679
   0.000751682139873
   0.000741556757800
   0.000725179655579
   0.000702737126687
   0.000674465879113
   0.000640650216198
   0.000601619926497
   0.000557746359290
   0.000509439561598
   0.000457144054824
   0.000401335433138
   0.000342515327940
   0.000281207414017
   0.000217952577926
   0.000153304458272
   0.000087824411274
   0.000022076556358
  -0.000043376566488
  -0.000107979266192
  -0.000171186911746
  -0.000232471090585
  -0.000291323502066
  -0.000347260108988
  -0.000399825600533
  -0.000448596173518
  -0.000493184190723
  -0.000533239644117
  -0.000568454213586
  -0.000598562784722
  -0.000623345778472
  -0.000642630578721
  -0.000656292669021
  -0.000664256010863
  -0.000666494264321
  -0.000663029446233
  -0.000653932419782
  -0.000639321213597
  -0.000619360099035
  -0.000594257660729
  -0.000564265104200
  -0.000529672907908
  -0.000490809179489
  -0.000448035725999
  -0.000401745259450
  -0.000352357528232
  -0.000300315913363
  -0.000246082730332
  -0.000190136200885
  -0.000132965412326
  -0.000075066591706
  -0.000016938398060
   0.000040921735431
   0.000098022701252
   0.000153882869768
   0.000208034812861
   0.000260028841003
   0.000309437169904
   0.000355856598481
   0.000398912629107
   0.000438261817212
   0.000473594899673
   0.000504638728690
   0.000531159077066
   0.000552961531853
   0.000569893440840
   0.000581844485074
   0.000588747951088
   0.000590580193842
   0.000587361251012
   0.000579153861769
   0.000566063089126
   0.000548234448054
   0.000525853183426
   0.000499141850242
   0.000468358545238
   0.000433793986638
   0.000395769276902
   0.000354632730961
   0.000310756701354
   0.000264534322919
   0.000216375979442
   0.000166705851355
   0.000115957869237
   0.000064572095820
   0.000012991201146
  -0.000038343832500
  -0.000088996762773
  -0.000138540785775
  -0.000186560794044
  -0.000232658110746
  -0.000276452855844
  -0.000317587647193
  -0.000355730077820
  -0.000390575577281
  -0.000421849622547
  -0.000449310427276
  -0.000472749823013
  -0.000491995859969
  -0.000506913111454
  -0.000517404266106
  -0.000523410223501
  -0.000524910658271
  -0.000521923444393
  -0.000514505099358
  -0.000502749059006
  -0.000486785431052
  -0.000466779032535
  -0.000442928191647
  -0.000415462427620
  -0.000384640889278
  -0.000350749017159
  -0.000314096902116
  -0.000275015799563
  -0.000233855641880
  -0.000190981365309
  -0.000146770429769
  -0.000101608659205
  -0.000055887722208
  -0.000010001170868
   0.000035658532084
   0.000080703869316
   0.000124754752649
   0.000167442514287
   0.000208412362470
   0.000247326768393
   0.000283867755986
   0.000317740149114
   0.000348673101507
   0.000376422921979
   0.000400774501211
   0.000421543490836
   0.000438576917086
   0.000451755003433
   0.000460991404379
   0.000466234208891
   0.000467465576472
   0.000464702342163
   0.000457995018673
   0.000447427489318
   0.000433115883310
   0.000415207620979
   0.000393879695434
   0.000369337009514
   0.000341810513982
   0.000311555084512
   0.000278847005146
   0.000243981767402
   0.000207271023791
   0.000169040476077
   0.000129625989115
   0.000089371800142
   0.000048626526416
   0.000007741079185
  -0.000032935194694
  -0.000073056881150
  -0.000112285710875
  -0.000150293163332
  -0.000186763654242
  -0.000221396384953
  -0.000253908692052
  -0.000284037441646
  -0.000311542031541
  -0.000336205563530
  -0.000357836959956
  -0.000376272042770
  -0.000391375368952
  -0.000403040365044
  -0.000411190899591
  -0.000415780957198
  -0.000416795459649
  -0.000414249693001
  -0.000408189418461
  -0.000398689653500
  -0.000385854722756
  -0.000369816265925
  -0.000350732672525
  -0.000328786928172
  -0.000304185458569
  -0.000277155607091
  -0.000247944311248
  -0.000216815030045
  -0.000184046080607
  -0.000149927715332
  -0.000114760000578
  -0.000078849538214
  -0.000042507577448
  -0.000006046641962
   0.000030221562401
   0.000065989285714
   0.000100954820530
   0.000134825733131
   0.000167320480667
   0.000198171422135
   0.000227126505569
   0.000253951826207
   0.000278432821255
   0.000300376693854
   0.000319613293684
   0.000335996916744
   0.000349406907493
   0.000359749067972
   0.000366955749746
   0.000370986545912
   0.000371828359374
   0.000369495487994
   0.000364029029390
   0.000355496611040
   0.000343991446692
   0.000329631657036
   0.000312558586916
   0.000292936173811
   0.000270948531239
   0.000246799143557
   0.000220708045426
   0.000192910852083
   0.000163655781063
   0.000133202026610
   0.000101817047396
   0.000069774687452
   0.000037352325086
   0.000004828981838
  -0.000027517742348
  -0.000059413107145
  -0.000090588539801
  -0.000120783084668
  -0.000149746120775
  -0.000177238941787
  -0.000203037288989
  -0.000226932537857
  -0.000248734061655
  -0.000268269909812
  -0.000285388971653
  -0.000299961509860
  -0.000311880577688
  -0.000321062261244
  -0.000327446953514
  -0.000330998841451
  -0.000331706891128
  -0.000329584007103
  -0.000324667455838
  -0.000317017805165
  -0.000306718805536
  -0.000293875818526
  -0.000278615556899
  -0.000261084195335
  -0.000241446523271
  -0.000219883917418
  -0.000196593225327
  -0.000171784335943
  -0.000145679034037
  -0.000118508345673
  -0.000090511041234
  -0.000061931086480
  -0.000033016135823
  -0.000004014599805
   0.000024825721980
   0.000053260334795
   0.000081049586635
   0.000107961233592
   0.000133771745313
   0.000158268837399
   0.000181252574828
   0.000202537462061
   0.000221953551880
   0.000239348204212
   0.000254586829573
   0.000267554207233
   0.000278155180705
   0.000286315578804
   0.000291982280615
   0.000295124041924
   0.000295731078198
   0.000293815562976
   0.000289410658649
   0.000282571038494
   0.000273371264769
   0.000261905897787
   0.000248287801322
   0.000232647766102
   0.000215132634314
   0.000195904417689
   0.000175138415880
   0.000153022139945
   0.000129752957926
   0.000105537135006
   0.000080587169705
   0.000055120765884
   0.000029358169403
   0.000003520948301
  -0.000022170413771
  -0.000047497931173
  -0.000072248597106
  -0.000096215331676
  -0.000119199504229
  -0.000141011920930
  -0.000161474971213
  -0.000180423454532
  -0.000197706502907
  -0.000213188107470
  -0.000226748982341
  -0.000238286560553
  -0.000247716576968
  -0.000254973045959
  -0.000260009225457
  -0.000262797268066
  -0.000263329019752
  -0.000261615289063
  -0.000257686244893
  -0.000251590431968
  -0.000243394763628
  -0.000233183323418
  -0.000221057127544
  -0.000207132441074
  -0.000191540379092
  -0.000174425096451
  -0.000155942983942
  -0.000136260672447
  -0.000115554239881
  -0.000094006910298
  -0.000071808138315
  -0.000049151359283
  -0.000026232790746
  -0.000003249222739
   0.000019602982089
   0.000042130244879
   0.000064142896818
   0.000085457138228
   0.000105896209891
   0.000125292231819
   0.000143487182853
   0.000160334553492
   0.000175700136143
   0.000189463525648
   0.000201518469355
   0.000211774409803
   0.000220156364899
   0.000226606185865
   0.000231082164077
   0.000233560203465
   0.000234032964867
   0.000232510546980
   0.000229019731262
   0.000223604138864
   0.000216323196954
   0.000207252092474
   0.000196480449794
   0.000184112107565
   0.000170263346451
   0.000155062698799
   0.000138648929131
   0.000121170459946
   0.000102783455012
   0.000083651022717
   0.000063941197904
   0.000043826069486
   0.000023479573318
   0.000003076791976
  -0.000017208285998
  -0.000037203630857
  -0.000056741160510
  -0.000075657520210
  -0.000093796236416
  -0.000111008139592
  -0.000127153390310
  -0.000142101884328
  -0.000155734965713
  -0.000167945749291
  -0.000178640464796
  -0.000187738609010
  -0.000195174234977
  -0.000200895727438
  -0.000204866668093
  -0.000207065569501
  -0.000207486506088
  -0.000206138410271
  -0.000203045548574
  -0.000198246572795
  -0.000191794712681
  -0.000183756608632
  -0.000174212230815
  -0.000163253488976
  -0.000150984068135
  -0.000137517727142
  -0.000122977875563
  -0.000107495961271
  -0.000091210795400
  -0.000074266720284
  -0.000056812977858
  -0.000039001815712
  -0.000020987615500
  -0.000002925235521
   0.000015030991794
   0.000032729009508
   0.000050019771755
   0.000066759040765
   0.000082808053083
   0.000098035286790
   0.000112316756999
   0.000125537856642
   0.000137593476266
   0.000148389604986
   0.000157843257587
   0.000165883876862
   0.000172453112649
   0.000177505878347
   0.000181010155733
   0.000182947607599
   0.000183313052279
   0.000182115155468
   0.000179375491029
   0.000175128990699
   0.000169422788558
   0.000162316554428
   0.000153881131982
   0.000144198436872
   0.000133360176143
   0.000121467567371
   0.000108629732593
   0.000094963428642
   0.000080591271543
   0.000065641340471
   0.000050245371523
   0.000034538255338
   0.000018656213648
   0.000002736357473
  -0.000013085360115
  -0.000028674428273
  -0.000043899624346
  -0.000058633562008
  -0.000072754276626
  -0.000086145657191
  -0.000098698993905
  -0.000110313271967
  -0.000120896564446
  -0.000130366174626
  -0.000138649829397
  -0.000145685694632
  -0.000151423382108
  -0.000155823637247
  -0.000158859323672
  -0.000160514937386
  -0.000160787184828
  -0.000159684331514
  -0.000157226744523
  -0.000153445933342
  -0.000148384829586
  -0.000142096735353
  -0.000134645379693
  -0.000126103769960
  -0.000116554001028
  -0.000106085894357
  -0.000094796792001
  -0.000082790154759
  -0.000070175003323
  -0.000057064602652
  -0.000043575905870
  -0.000029827905858
  -0.000015941284310
  -0.000002036671947
   0.000011765711820
   0.000025347803073
   0.000038593909794
   0.000051392540032
   0.000063636538222
   0.000075224686006
   0.000086061871565
   0.000096060563633
   0.000105140861584
   0.000113231682017
   0.000120270833923
   0.000126206073491
   0.000130994777045
   0.000134605070818
   0.000137015214694
   0.000138214500352
   0.000138202591895
   0.000136990124527
   0.000134597890191
   0.000131057219362
   0.000126409132473
   0.000120704491256
   0.000114002777779
   0.000106372354609
   0.000097889112710
   0.000088636411250
   0.000078703650308
   0.000068186220190
   0.000057183870965
   0.000045800635518
   0.000034143141593
   0.000022320391610
   0.000010442247106
  -0.000001381070836
  -0.000013040390453
  -0.000024427932949
  -0.000035438858047
  -0.000045971563369
  -0.000055929044356
  -0.000065219189792
  -0.000073756132676
  -0.000081460324391
  -0.000088259804984
  -0.000094090141252
  -0.000098895612081
  -0.000102629015778
  -0.000105252616775
  -0.000106737819187
  -0.000107066055815
  -0.000106228203925
  -0.000104225248553
  -0.000101067734742
  -0.000096776139579
  -0.000091380077036
  -0.000084918640308
  -0.000077439495571
  -0.000068998942933
  -0.000059660934057
  -0.000049496980063
  -0.000038585073976
  -0.000027009616449
  -0.000014859903110
  -0.000002230209428
   0.000010781726515
   0.000024074852241
   0.000037546357669
   0.000051091727325
   0.000064606395701
   0.000077985872163
   0.000091127239497
   0.000103929375974
   0.000116294366256
   0.000128127656705
   0.000139339394647
   0.000149844551489
   0.000159564259533
   0.000168425593782
   0.000176363002309
   0.000183317990559
   0.000189240201946
   0.000194087192898
   0.000197825331580
   0.000200429399798
   0.000201883338302
   0.000202179708116
   0.000201320348953
   0.000199315563568
   0.000196184780887
   0.000191955555560
   0.000186663991982
   0.000180353734559
   0.000173076317907
   0.000164889847088
   0.000155859245393
   0.000146055126197
   0.000135553651690
   0.000124435410144
   0.000112785216460
   0.000100690918086
   0.000088243239978
   0.000075534415690
   0.000062658007662
   0.000049707673941
   0.000036776947500
   0.000023957858353
   0.000011340922295
  -0.000000986227629
  -0.000012938911430
  -0.000024436628268
  -0.000035403007238
  -0.000045767030895
  -0.000055462911052
  -0.000064431180025
  -0.000072618461704
  -0.000079978395154
  -0.000086471422364
  -0.000092065542591
  -0.000096735884642
  -0.000100465454758
  -0.000103244617605
  -0.000105071526064
  -0.000105951578246
  -0.000105897875751
  -0.000104930310950
  -0.000103076098923
  -0.000100368671779
  -0.000096848108319
  -0.000092559984955
  -0.000087555584554
  -0.000081890773106
  -0.000075626235121
  -0.000068826099943
  -0.000061558064063
  -0.000053892256473
  -0.000045901176633
  -0.000037658442477
  -0.000029238823087
  -0.000020716961097
  -0.000012167460088
  -0.000003663495389
   0.000004722936445
   0.000012922402673
   0.000020867873450
   0.000028495786213
   0.000035746037241
   0.000042562996304
   0.000048895236874
   0.000054696578548
   0.000059925735401
   0.000064547305374
   0.000068531167381
   0.000071853492382
   0.000074496082001
   0.000076447141452
   0.000077700606731
   0.000078256802492
   0.000078121655382
   0.000077307152318
   0.000075830731018
   0.000073715389100
   0.000070989019941
   0.000067684642870
   0.000063839425925
   0.000059494870529
   0.000054695897438
   0.000049490959953
   0.000043930996340
   0.000038069554545
   0.000031961657708
   0.000025664022398
   0.000019233869636
   0.000012728989207
   0.000006206699482
  -0.000000275972257
  -0.000006663494852
  -0.000012901655287
  -0.000018938552330
  -0.000024724479085
  -0.000030212875838
  -0.000035360107372
  -0.000040126375222
  -0.000044475420453
  -0.000048375385154
  -0.000051798467944
  -0.000054721620016
  -0.000057126117446
  -0.000058998404288
  -0.000060329258883
  -0.000061114655272
  -0.000061355018413
  -0.000061055810815
  -0.000060226765816
  -0.000058882416919
  -0.000057041210359
  -0.000054726017333
  -0.000051963160875
  -0.000048782805897
  -0.000045218100232
  -0.000041305345319
  -0.000037083023942
  -0.000032592220178
  -0.000027875423404
  -0.000022976885516
  -0.000017941479953
  -0.000012815083221
  -0.000007643438584
  -0.000002472303686
   0.000002653372589
   0.000007689311013
   0.000012592934059
   0.000017322983284
   0.000021840643097
   0.000026109061151
   0.000030094406668
   0.000033765318146
   0.000037093983729
   0.000040055588776
   0.000042629090753
   0.000044796820637
   0.000046545155111
   0.000047864051181
   0.000048747499652
   0.000049193215681
   0.000049202950524
   0.000048781954564
   0.000047939483828
   0.000046688032516
   0.000045043762350
   0.000043025833227
   0.000040656705193
   0.000037961254248
   0.000034967259135
   0.000031704441074
   0.000028204783347
   0.000024501635499
   0.000020630018725
   0.000016625681346
   0.000012525415631
   0.000008366061113
   0.000004184818440
   0.000000018391442
  -0.000004096867361
  -0.000008125829234
  -0.000012034173126
  -0.000015789336723
  -0.000019360247758
  -0.000022718113856
  -0.000025836028036
  -0.000028689848419
  -0.000031257646267
  -0.000033520691152
  -0.000035462709673
  -0.000037070763158
  -0.000038334723933
  -0.000039247872060
  -0.000039806282389
  -0.000040009583606
  -0.000039860129437
  -0.000039363625689
  -0.000038528449174
  -0.000037366133045
  -0.000035890653806
  -0.000034118862723
  -0.000032069595934
  -0.000029764341761
  -0.000027226144075
  -0.000024480143385
  -0.000021552707347
  -0.000018471763538
  -0.000015265965048
  -0.000011964963108
  -0.000008598644578
  -0.000005197428257
  -0.000001791214897
   0.000001589912756
   0.000004916845992
   0.000008160942667
   0.000011295020989
   0.000014292790794
   0.000017129784376
   0.000019782991499
   0.000022231474991
   0.000024456152174
   0.000026440318726
   0.000028169376201
   0.000029631310613
   0.000030816422226
   0.000031717754769
   0.000032330580781
   0.000032653122215
   0.000032685889245
   0.000032432142293
   0.000031897332509
   0.000031089636965
   0.000030019155735
   0.000028698541097
   0.000027142177904
   0.000025366591067
   0.000023389754432
   0.000021231527710
   0.000018912751728
   0.000016455747338
   0.000013883534976
   0.000011220129308
   0.000008489768527
   0.000005717290539
   0.000002927287450
   0.000000144572192
  -0.000002606728907
  -0.000005302794671
  -0.000007920833346
  -0.000010438616287
  -0.000012835514572
  -0.000015091767141
  -0.000017189421794
  -0.000019111826331
  -0.000020844368224
  -0.000022373974097
  -0.000023689790439
  -0.000024782580560
  -0.000025645615669
  -0.000026273894948
  -0.000026664758737
  -0.000026817430446
  -0.000026733544506
  -0.000026416418526
  -0.000025871777715
  -0.000025106842543
  -0.000024131087426
  -0.000022955350897
  -0.000021592380504
  -0.000020056225038
  -0.000018362494674
  -0.000016527693911
  -0.000014569715678
  -0.000012506969139
  -0.000010358970991
  -0.000008145250365
  -0.000005886199315
  -0.000003601977733
  -0.000001313022423
   0.000000960698152
   0.000003199315170
   0.000005383749977
   0.000007495469981
   0.000009516850553
   0.000011431147986
   0.000013222971578
   0.000014877966534
   0.000016383319028
   0.000017727474510
   0.000018900723048
   0.000019894615235
   0.000020702693395
   0.000021319912250
   0.000021743214989
   0.000021971024566
   0.000022003853900
   0.000021843487293
   0.000021493717075
   0.000020959724149
   0.000020248482145
   0.000019368111939
   0.000018328497975
   0.000017140461202
   0.000015816279258
   0.000014369027171
   0.000012812944306
   0.000011162756852
   0.000009434245313
   0.000007643310639
   0.000005806491206
   0.000003940262878
   0.000002061500500
   0.000000186628118
  -0.000001667747988
  -0.000003485846101
  -0.000005251992288
  -0.000006951435364
  -0.000008569977051
  -0.000010094554201
  -0.000011512676936
  -0.000012813369249
  -0.000013986457657
  -0.000015023330097
  -0.000015916354969
  -0.000016659491305
  -0.000017247856722
  -0.000017678336449
  -0.000017948747887
  -0.000018058839861
  -0.000018009391589
  -0.000017802828084
  -0.000017442679020
  -0.000016934018637
  -0.000016282968124
  -0.000015497052746
  -0.000014584498224
  -0.000013555057618
  -0.000012418911147
  -0.000011187508759
  -0.000009872543830
  -0.000008486705225
  -0.000007042848917
  -0.000005554361061
  -0.000004034778298
  -0.000002497869694
  -0.000000957224740
   0.000000573593131
   0.000002081280612
   0.000003552798864
   0.000004975836984
   0.000006338371800
   0.000007629291113
   0.000008838008887
   0.000009955063017
   0.000010971543264
   0.000011879898525
   0.000012673346728
   0.000013346413520
   0.000013894438503
   0.000014314332468
   0.000014603777888
   0.000014761892563
   0.000014788721906
   0.000014685731983
   0.000014455195238
   0.000014100875313
   0.000013627200225
   0.000013039815020
   0.000012345110236
   0.000011550650814
   0.000010664363580
   0.000009695292891
   0.000008652788917
   0.000007547016544
   0.000006388279102
   0.000005187547961
   0.000003955587357
   0.000002703798168
   0.000001443268294
   0.000000185255227
  -0.000001059366088
  -0.000002279682679
  -0.000003465487588
  -0.000004606577100
  -0.000005693708065
  -0.000006717853519
  -0.000007670838869
  -0.000008545054101
  -0.000009333999855
  -0.000010031566842
  -0.000010632957238
  -0.000011133813222
  -0.000011531143228
  -0.000011822619327
  -0.000012006993304
  -0.000012083878566
  -0.000012054078350
  -0.000011918910790
  -0.000011681039091
  -0.000011343533490
  -0.000010910883714
  -0.000010387786618
  -0.000009780055346
  -0.000009093948549
  -0.000008336509059
  -0.000007515198058
  -0.000006637988968
  -0.000005713300829
  -0.000004749843661
  -0.000003756440821
  -0.000002742214876
  -0.000001716294731
  -0.000000687921998
   0.000000334039949
   0.000001340537625
   0.000002323069330
   0.000003273202248
   0.000004183132360
   0.000005045152518
   0.000005852484654
   0.000006598618375
   0.000007277854710
   0.000007884849059
   0.000008415394499
   0.000008865634718
   0.000009232714474
   0.000009514331705
   0.000009709217273
   0.000009816487277
   0.000009836479349
   0.000009769997996
   0.000009618768367
   0.000009384996653
   0.000009071982582
   0.000008683239744
   0.000008223300596
   0.000007696949860
   0.000007109705034
   0.000006467279022
   0.000005776276359
   0.000005043130321
   0.000004274917910
   0.000003478732574
   0.000002662025988
   0.000001832072644
   0.000000996520811
   0.000000162475652
  -0.000000662555475
  -0.000001471518436
  -0.000002257438959
  -0.000003013832627
  -0.000003734259393
  -0.000004413090229
  -0.000005044603730
  -0.000005624111131
  -0.000006147073385
  -0.000006609610933
  -0.000007008351748
  -0.000007340707140
  -0.000007604471812
  -0.000007798446722
  -0.000007921447835
  -0.000007973626393
  -0.000007955179217
  -0.000007867302398
  -0.000007711493335
  -0.000007490051620
  -0.000007205845072
  -0.000006862061134
  -0.000006462472676
  -0.000006011279175
  -0.000005513128543
  -0.000004972973533
  -0.000004396019402
  -0.000003787951202
  -0.000003154392815
  -0.000002501280870
  -0.000001834421558
  -0.000001160083280
  -0.000000484136913
   0.000000187378018
   0.000000848755314
   0.000001494125363
   0.000002118257355
   0.000002715807539
   0.000003281932223
   0.000003811897835
   0.000004301770476
   0.000004747601924
   0.000005146129597
   0.000005494363745
   0.000005790057996
   0.000006031038205
   0.000006216114030
   0.000006344327442
   0.000006415343595
   0.000006429053408
   0.000006386347477
   0.000006288122674
   0.000006136101825
   0.000005932237469
   0.000005679102729
   0.000005379299497
   0.000005036367999
   0.000004653725623
   0.000004235302005
   0.000003785158040
   0.000003307777497
   0.000002807463379
   0.000002289236809
   0.000001757660377
   0.000001217611974
   0.000000673907497
   0.000000131497453
  -0.000000405038883
  -0.000000930783283
  -0.000001441614399
  -0.000001933023169
  -0.000002400980769
  -0.000002841714877
  -0.000003251764486
  -0.000003627861354
  -0.000003967354441
  -0.000004267337394
  -0.000004526109489
  -0.000004741646857
  -0.000004912840125
  -0.000005038628528
  -0.000005118497551
  -0.000005152545357
  -0.000005140945089
  -0.000005084486230
  -0.000004984097155
  -0.000004841379792
  -0.000004658149427
  -0.000004436459632
  -0.000004178829469
  -0.000003888000885
  -0.000003567132241
  -0.000003219203167
  -0.000002847743978
  -0.000002456242753
  -0.000002048580684
  -0.000001628331250
  -0.000001199518274
  -0.000000765977499
  -0.000000331723516
   0.000000099708089
   0.000000524394529
   0.000000938757517
   0.000001339192102
   0.000001722575600
   0.000002085510878
   0.000002425207090
   0.000002738989869
   0.000003024643242
   0.000003279745379
   0.000003502658150
   0.000003691774910
   0.000003845948173
   0.000003964123419
   0.000004046114034
   0.000004091461616
   0.000004100291494
   0.000004072971611
   0.000004010423782
   0.000003913389418
   0.000003783499794
   0.000003622265751
   0.000003431476911
   0.000003213107788
   0.000002969736814
   0.000002703537201
   0.000002417455833
   0.000002114192119
   0.000001796547594
   0.000001467467841
   0.000001130281963
   0.000000787726610
   0.000000443240105
   0.000000099639039
  -0.000000240122106
  -0.000000572967317
  -0.000000896051180
  -0.000001206823292
  -0.000001502410366
  -0.000001780971950
  -0.000002039786377
  -0.000002277108430
  -0.000002491058912
  -0.000002680065893
  -0.000002843099474
  -0.000002978709866
  -0.000003086348070
  -0.000003165232542
  -0.000003215357803
  -0.000003236580544
  -0.000003229071248
  -0.000003193316249
  -0.000003130032120
  -0.000003040341105
  -0.000002925198579
  -0.000002786043926
  -0.000002624342114
  -0.000002442096709
  -0.000002240995181
  -0.000002023106107
  -0.000001790482484
  -0.000001545672536
  -0.000001290824906
  -0.000001028366708
  -0.000000760596095
  -0.000000490236923
  -0.000000219500616
   0.000000049243325
   0.000000313776016
   0.000000571540950
   0.000000820619280
   0.000001058911083
   0.000001284489773
   0.000001495255745
   0.000001689890929
   0.000001866831099
   0.000002024778658
   0.000002162487912
   0.000002279447326
   0.000002374647708
   0.000002447533272
   0.000002497803855
   0.000002525555557
   0.000002530480028
   0.000002513178280
   0.000002474208226
   0.000002414147615
   0.000002333645482
   0.000002234110812
   0.000002116264319
   0.000001981515763
   0.000001831514044
   0.000001667774533
   0.000001491713504
   0.000001305521807
   0.000001110453136
   0.000000908503510
   0.000000701761477
   0.000000491905445
   0.000000280942074
   0.000000071011592
  -0.000000136748105
  -0.000000339885669
  -0.000000537181415
  -0.000000726707900
  -0.000000906682083
  -0.000001076210181
  -0.000001233415808
  -0.000001377768740
  -0.000001507576160
  -0.000001622237216
  -0.000001720713249
  -0.000001802616913
  -0.000001867542959
  -0.000001915079069
  -0.000001945052164
  -0.000001957306186
  -0.000001952268356
  -0.000001930207180
  -0.000001891681766
  -0.000001836985051
  -0.000001766985137
  -0.000001682529732
  -0.000001584832294
  -0.000001474705301
  -0.000001353316650
  -0.000001221798931
  -0.000001081820450
  -0.000000934606503
  -0.000000781510428
  -0.000000623753290
  -0.000000463154922
  -0.000000301134481
  -0.000000139105629
   0.000000021820134
   0.000000179885048
   0.000000333725588
   0.000000482102827
   0.000000624158229
   0.000000758335928
   0.000000883561489
   0.000000998982089
   0.000001104061104
   0.000001197550491
   0.000001278888956
   0.000001347787675
   0.000001403957118
   0.000001446550783
   0.000001475796315
   0.000001491817736
   0.000001494430538
   0.000001483552928
   0.000001460175576
   0.000001424292333
   0.000001376201799
   0.000001316948939
   0.000001247319792
   0.000001167430164
   0.000001078956295
   0.000000982613261
   0.000000878949253
   0.000000769600618
   0.000000655433341
   0.000000536888545
   0.000000416143059
   0.000000293211045
   0.000000169755414
   0.000000047209235
  -0.000000074237498
  -0.000000192159054
  -0.000000306958292
  -0.000000416549089
  -0.000000521042768
  -0.000000619091760
  -0.000000710238043
  -0.000000793564134
  -0.000000868360075
  -0.000000934146694
  -0.000000990436082
  -0.000001037178604
  -0.000001074088612
  -0.000001101142463
  -0.000001117966029
  -0.000001124586546
  -0.000001120962486
  -0.000001107612797
  -0.000001084860705
  -0.000001053240910
  -0.000001012847485
  -0.000000964133965
  -0.000000907515940
  -0.000000844028702
  -0.000000774418308
  -0.000000699458709
  -0.000000619444895
  -0.000000535194284
  -0.000000447603611
  -0.000000357986746
  -0.000000266954650
  -0.000000175098627
  -0.000000082921544
   0.000000008231633
   0.000000097386524
   0.000000183874358
   0.000000267635611
   0.000000347701773
   0.000000423003308
   0.000000492806320
   0.000000557400649
   0.000000616235921
   0.000000668325322
   0.000000713075417
   0.000000751202705
   0.000000782349700
   0.000000805606592
   0.000000820958891
   0.000000829546776
   0.000000830665365
   0.000000823766515
   0.000000810020474
   0.000000790088252
   0.000000762679876
   0.000000729136405
   0.000000690637927
   0.000000645996580
   0.000000596345632
   0.000000543506557
   0.000000485573754
   0.000000425070893
   0.000000362485578
   0.000000296463627
   0.000000230944990
   0.000000162868498
   0.000000096052330
   0.000000028737234
  -0.000000036994095
  -0.000000101401431
  -0.000000163574081
  -0.000000223107200
  -0.000000279569114
  -0.000000332411533
  -0.000000381373894
  -0.000000425947962
  -0.000000465984659
  -0.000000501067053
  -0.000000531115516
  -0.000000555805806
  -0.000000575166942
  -0.000000588969993
  -0.000000597329599
  -0.000000600128416
  -0.000000597622797
  -0.000000589825861
  -0.000000577129410
  -0.000000559672561
  -0.000000537920273
  -0.000000512013732
  -0.000000482320494
  -0.000000448838523
  -0.000000411863193
  -0.000000371445925
  -0.000000328176082
  -0.000000282613921
  -0.000000235822878
  -0.000000188481161
  -0.000000141229894
  -0.000000093879813
  -0.000000046303046
   0.000000001645691
   0.000000049043720
   0.000000094682490
   0.000000137339507
   0.000000177241874
   0.000000215239689
   0.000000251993649
   0.000000286170482
   0.000000315947178
   0.000000340798202
   0.000000362775552
   0.000000383003290
   0.000000399662686
   0.000000410093011
   0.000000416064367
   0.000000420776064
   0.000000422567241
   0.000000417317895
   0.000000408425951
   0.000000399900040
   0.000000386193570
   0.000000366022539
   0.000000348278081
   0.000000326299627
   0.000000297609153
   0.000000275052446
   0.000000242075519
   0.000000214214887
   0.000000181062231
   0.000000149103400
   0.000000115676008
   0.000000082274454
   0.000000048852161
   0.000000015726634
  -0.000000016715264
  -0.000000048338224
  -0.000000078727573
  -0.000000107785401
  -0.000000135138106
  -0.000000160722311
  -0.000000184210894
  -0.000000205583523
  -0.000000224561430
  -0.000000241169341
  -0.000000255166984
  -0.000000266637037
  -0.000000275399247
  -0.000000281584091
  -0.000000285047554
  -0.000000285973674
  -0.000000284277314
  -0.000000280168810
  -0.000000273600111
  -0.000000264842435
  -0.000000253881544
  -0.000000241020936
  -0.000000226266764
  -0.000000209948098
  -0.000000192106964
  -0.000000173087969
  -0.000000152933366
  -0.000000132010662
  -0.000000110378092
  -0.000000088388702
  -0.000000066109219
  -0.000000043890641
  -0.000000021786827
  -0.000000000135718
   0.000000021024650
   0.000000041370318
   0.000000060887250
   0.000000079277151
   0.000000096545827
   0.000000112424552
   0.000000126950572
   0.000000139894166
   0.000000151328107
   0.000000161083762
   0.000000169365023
   0.000000176300411
   0.000000182963405
   0.000000191971484
   0.000000211388742
   0.000000262582369
   0.000000399675639
   0.000000737667181
   0.000001424038081
   0.000002088172469
  -0.000001638422469
   0.000000258586573