0.1448015198111534
-0.13184879114851356
0.1030066073872149
-0.08882930967956781
0.06713339174166322
-0.0625685891136527
0.04499534144997597
0.3535393811762333
0.039705018512904644
0.04378796508535743
0.040639644023030996
-0.0024873032234609127
-0.15293904533609748
0.19783567870035768
0.40138387540355325
0.06832643086090684
-0.11117546213790774
0.08616225328296423
0.15304615255445242
-0.21199063304811716
-0.23343940451741219
0.018992369528859854
0.25398671394214034
0.0595298339612782
0.2715409495867789
0.016544066835194826
-0.0008920882828533649
0.05745277367532253
-0.08323684148490429
-0.2056491430848837
-0.09357783664017916
0.10377312963828444
-0.25413703778758645
0.10293079260736704
0.03559423564001918
0.1433011032640934
-0.24160263873636723
-0.4018194158561528
0.07309083733707666
0.12687936378642917
0.20309154549613595
0.0845386702567339
-0.11631787149235606
-0.20590047584846616
0.2810318064875901
-0.17573302006348968
-0.19107217155396938
0.3389976401813328
0.09075955161824822
0.030045355204492807
0.057775632943958044
0.04208567040041089
-0.3330531772226095
-0.28075480042025447
0.08795872051268816
-0.20137862069532275
-0.1968762087635696
-0.013722688425332308
-0.3124701059423387
0.05967032443732023
-0.020983925089240074
0.2441323366947472
0.16120350873097777
-0.3050351468846202
0.02250199345871806
-0.11233336804434657
0.1342751351185143
0.23905940307304263
-0.10062916204333305
0.06957752536982298
0.13672874169424176
-0.025463334284722805
0.12126739835366607
0.16932503785938025
0.27867412893101573
-0.04644093569368124
0.18494822084903717
-0.0531954332254827
-0.19255931163206697
0.10843890765681863
0.056948581244796515
0.20669798366725445
-0.23971956549212337
0.18279751995578408
-0.23953899554908276
-0.046031814999878407
0.4092047573067248
-0.2908377102576196
0.2016443395987153
-0.07737284805625677
0.08293308597058058
0.08286719722673297
-0.0783340516500175
0.24550043093040586
0.2193467617034912
0.09057956375181675
-0.122601134236902
0.0011061313562095165
-0.06049743900075555
0.2740244111046195
-0.07337971869856119
-0.2945183515548706
-0.1221267064101994
-0.09391580242663622
-0.11304163513705134
0.15793917328119278
0.2558001298457384
-0.0924766487441957
0.06814210768789053
0.11532704206183553
0.13339609745889902
0.09483408136293292
-0.010894577950239182
0.08937399694696069
0.2706823870539665
0.016137253493070602
-0.0787523603066802
-0.19001078931614757
-0.0095599046908319
0.10368782421573997
-0.1570579162798822
-0.05727784987539053
0.0748709263280034
0.06096194079145789
-0.21564410580322146
-0.03385567246004939
-0.09628377528861165
-0.0744348750449717
-0.3097879900597036
-0.26191980903968215
0.37390675069764256
0.20561043825000525
0.034264597576111555
-0.27420927258208394
0.19270914420485497
0.29575956892222166
-0.1303816265426576
0.05586711596697569
-0.10609183553606272
-0.23930702079087496
-0.10985744930803776
0.32861969945952296
0.10972514096647501
0.08510502567514777
0.21472381288185716
-0.03758158069103956
0.15182911371812224
0.13808286003768444
-0.03819088917225599
-0.31435345858335495
-0.04831303283572197
-0.09883041493594646
0.0673917168751359
0.3578539243899286
0.007565853651612997
0.12142853112891316
-0.051414663437753916
-0.11361910495907068
0.1038505150936544
0.032034920528531075
-0.013788382057100534
0.2976387310773134
0.2237813645042479
-0.12509072478860617
-0.03144439496099949
-0.1946285986341536
-0.14808453200384974
-0.13005187828093767
-0.11961231753230095
0.0728890928439796
-0.3031595586799085
-0.10523410653695464
-0.048553483095020056
-0.19399871956557035
0.02123195491731167
0.16138596693053842
-0.18952261377125978
-0.24653701623901725
-0.05545186065137386
-0.31537368847057223
-0.02765287458896637
-0.2063046251423657
-0.005306291859596968
0.11725449608638883
-0.2548023918643594
-0.0824727201834321
-0.16176091972738504
0.1881686905398965
0.33686276664957404
0.16282476345077157
-0.12979352846741676
-0.15661353571340442
0.12124722776934505
-0.05365913175046444
0.17441332712769508
-0.16023783385753632
-0.013290583621710539
0.017549642827361822
-0.15123474039137363
0.3221960822120309
0.09461408574134111
0.14964139508083463
0.09451759001240134
-0.10464080516248941
-0.19591761846095324
-0.1583263073116541
-0.12546705780550838
-0.12070694100111723
-0.015418010763823986
-0.12300353962928057
-0.19416073989123106
-0.22404912393540144
-0.04549949523061514
-0.08996000373736024
-0.17600359255447984
-0.08228903589770198
0.020937465131282806
-0.00874024722725153
-0.24273492628708482
0.03818501951172948
-0.18289958918467164
0.015145536046475172
0.008585462346673012
0.11144201876595616
0.14991361275315285
-0.28921034885570407
-0.05360750528052449
-0.37263851473107934
-0.025965710636228323
-0.08329839585348964
0.08253845991566777
-0.02827926818281412
0.3269440704025328
0.23187432950362563
-0.4018811695277691
0.0558736277744174
-0.04535917704924941
-0.06330601079389453
-0.0657139397226274
0.03478292655199766
-0.2868856778368354
0.05984325148165226
-0.06998041924089193
0.12003100290894508
-0.032764696050435305
-0.07711808895692229
0.4062977498397231
0.1176195377483964
0.30868232110515237
0.020243183709681034
-0.249391358345747
-0.1800923184491694
0.10312395682558417
0.04157840181142092
-0.02377950493246317
-0.15864725830033422
0.10263379337266088
-0.1807716265320778
-0.25966684240847826
0.03452204028144479
-0.15650752373039722
0.0015473468229174614
0.15225938707590103
0.2676276471465826
0.12506017042323947
0.006978772114962339
-0.12779751187190413
0.13586292881518602
-0.0979039641097188
0.044742412865161896
0.17096929159015417
-0.06072433851659298
0.10478690546005964
0.12872777227312326
0.4026615018956363
0.2284999741241336
0.018918488174676895
-0.1933721574023366
-0.17729319259524345
-0.037039801478385925
0.09374824492260814
-0.22730848705396056
-0.2875070394948125
0.133346245624125
-0.1516172243282199
-0.13894298672676086
0.05385715514421463
-0.037396810948848724
-0.17234565177932382
0.01796944160014391
0.1374794477596879
-0.04901456320658326
0.017470034305006266
0.17225785506889224
-0.022767116781324148
-0.021686450112611055
0.03652102313935757
-0.012488869950175285
-0.0823763101361692
0.04142523417249322
0.08551312750205398
0.03833271050825715
-0.11126684816554189
0.019707585219293833
-0.16967945219948888
-0.2505967812612653
0.21689844503998756
-0.12610125308856368
0.02164020761847496
-0.034224703442305326
0.2150757941417396
0.10002227174118161
0.167221840005368
0.2924927659332752
-0.2912470828741789
0.1077739642933011
-0.055616664700210094
-0.20855646301060915
-0.06559157557785511
0.03071633167564869
-0.04385016951709986
-0.1638657203875482
0.2053388706408441
0.22434518206864595
-0.08824274968355894
-0.23817806132137775
-0.09955692617222667
-0.04107508948072791
-0.07704160828143358
-0.01640140451490879
-0.16550909960642457
-0.09497649502009153
-0.047545216511934996
-0.1345953573472798
0.05555200157687068
-0.03236987814307213
-0.18209093203768134
0.21482692332938313
0.05477119842544198
0.04618999361991882
-0.10426573315635324
-0.008342752698808908
0.044087800197303295
-0.21181386895477772
0.5149857536889613
0.03832881664857268
-0.07266299892216921
-0.07090456597507
0.19773352658376098
0.02801108965650201
-0.3707457445561886
0.03922393824905157
-0.12373399129137397
0.03017541067674756
-0.09895621472969651
0.15252039162442088
0.14916356466710567
-0.384967552497983
-0.19365795701742172
0.2071555908769369
-0.04955156007781625
-0.08273737831041217
0.1693913913331926
0.15135398181155324
0.10433125216513872
-0.16952272690832615
-0.3317713914439082
-0.06268673157319427
-0.17546214815229177
-0.11846463708207011
-0.04558432009071112
-0.048999815713614225
0.12214741948992014
0.09291886165738106
0.05117738014087081
-0.23350563365966082
-0.052823880687355995
0.018351240549236536
0.04735205601900816
0.008304834365844727
0.006254054140299559
0.10631539346650243
0.06761498469859362
0.01970186783000827
0.14997714618220925
-0.03948730370029807
-0.3237578119151294
0.13036058004945517
-0.13461150787770748
-0.13768718391656876
0.20917622279375792
-0.0640715966001153
-0.1479424024000764
0.19647619361057878
-0.0024879416450858116
-0.14283689763396978
0.09066121838986874
0.03960887575522065
0.04619132028892636
0.10021464433521032
-0.0021427003666758537
-0.006643886677920818
0.19061664585024118
-0.16183281084522605
0.16005013976246119
-0.028193524572998285
0.024988842196762562
-0.01991470716893673
-0.07388435769826174
0.1296128798276186
-0.38333604531362653
-0.011977736838161945
-0.37983109802007675
0.058244026731699705
0.03531244024634361
0.04546450171619654
0.06282256590202451
-0.2750765378586948
0.029670181684195995
-0.04490836523473263
0.29583990713581443
-0.029245549347251654
-0.304444320499897
-0.173661638982594
0.22843953827396035
-0.11349023785442114
0.14173684921115637
0.22765066754072905
0.00550913205370307
0.2830998175777495
-0.06357028987258673
0.04448571288958192
-0.059965457767248154
-0.0871135164052248
0.296395645942539
0.37259918078780174
-0.14706147322431207
-0.19846577057614923
0.06198231130838394
-9.106937795877457e-06
-0.06522364635020494
0.10498893680050969
-0.2694897623732686
-0.17740795575082302
0.049865951761603355
-0.20706047024577856
0.1892047943547368
0.13841881463304162
0.01883237063884735
-0.04716999316588044
-0.0234070117585361
-0.29322120640426874
0.030003521591424942
-0.11736558936536312
-0.6267622555606067
-0.08126381644979119
-0.1093624820932746
-0.08936089649796486
-0.14477017940953374
0.4450592021457851
-0.10881938226521015
-0.12294670008122921
0.6481837420724332
-0.23924149991944432
0.19811510806903243
0.04326086072251201
0.13290486671030521
0.09761406388133764
-0.4969243900850415
-0.05320505611598492
0.10683464910835028
0.10205210652202368
-0.1195793584920466
0.34567711176350713
0.5014673131518066
0.056205745320767164
-0.11702007846906781
-0.28214809810742736
-0.09859788464382291
-0.07911038212478161
-0.2576654958538711
0.08751102117821574
0.08359645446762443
0.027339334599673748
0.06745680933818221
0.003713536076247692
-0.04616371402516961
0.0017733396962285042
-0.41365620819851756
-0.5873017800040543
-0.048551639541983604
0.041331666987389326
0.11876136902719736
-0.04825754929333925
0.03864255454391241
-0.1060377792455256
0.03661682875826955
-0.018839205615222454
-0.3993163355626166
-0.11158204078674316
-0.03057014150545001
0.1499217045493424
-0.2878532465547323
-0.07695969706401229
-0.030572311021387577
-0.27757432172074914
-0.21540376683697104
-0.2588464613072574
0.05194174079224467
-0.021577551495283842
0.14972038893029094
-0.10069598304107785
0.01762888254597783
-0.28316835360601544
-0.22156886523589492
0.19087455794215202
-0.004439677577465773
-0.12408746453002095
0.028650738298892975
-0.0787037368863821
-0.1856284341774881
0.13828189624473453
-0.32624619407579303
0.07326932298019528
-0.10228368081152439
-0.255483724642545
0.0019163456745445728
-0.14133782731369138
0.16374226566404104
-0.01890305383130908
-0.273158201482147
0.02872206876054406
0.1518372488208115
-0.060175745747983456
-0.16805987944826484
-0.027169437147676945
0.2681967648677528
-0.1578797702677548
-0.23775993660092354
0.09525267500430346
-0.2569747408851981
0.02023646468296647
0.013556625694036484
-0.0651584854349494
0.19733990356326103
-0.2826596423983574
-0.03027648711577058
0.2009196225553751
0.01068692421540618
0.09023670665919781
-0.042506462428718805
0.11989476578310132
-0.24136245530098677
-0.40184606797993183
0.27568386029452085
0.09096740186214447
-0.3669823636300862
0.09432816319167614
0.24567875964567065
-0.23367445589974523
0.39603243255987763
0.005607628729194403
-0.04560335399582982
0.11944254441186786
-0.18229298060759902
0.09210350317880511
-0.16986886179074645
0.15889669302850962
-0.2768413652665913
-0.0903377984650433
0.19951090682297945
-0.08529944391921163
-0.1454495582729578
-0.027630545664578676
0.042271533980965614
0.08885378576815128
0.09947679657489061
-0.31799821089953184
0.04127507098019123
-0.04392719967290759
0.055419395212084055
0.22664142958819866
0.03549205418676138
0.07831892417743802
0.11023932974785566
0.21032237820327282
0.016577115282416344
-0.09498335001990199
-0.23596910061314702
-0.12269261199980974
0.2726547294296324
0.14928883267566562
-0.13920470187440515
-0.05704307043924928
-0.08653897466138005
0.0037754736840724945
0.1936156856827438
0.11554714618250728
0.24522921862080693
-0.18437231611460447
-0.11213317234069109
0.3300232351757586
0.2018212815746665
-0.1112435795366764
0.06493157660588622
0.09994443040341139
-0.07494843378663063
0.06715075206011534
0.11467410530894995
0.09506457857787609
-0.25619189953431487
0.07937320647761226
-0.14360328670591116
-0.09527679020538926
-0.1681340062059462
-0.08104844903573394
-0.24481454584747553
-0.2957811616361141
0.03901274735108018
-0.5416640122421086
0.10653284331783652
-0.028829547110944986
-0.18308653309941292
-0.13669377099722624
-0.22428850829601288
-0.0857475739903748
-0.40603605657815933
-0.27357002487406135
-0.09432809753343463
-0.3150531598366797
-0.19235351495444775
0.20463015092536807
0.008825453463941813
-0.27137105632573366
-0.2717451280914247
0.06416208343580365
0.14421644154936075
-0.04064343078061938
0.07893345132470131
-0.05920873209834099
0.014367306139320135
0.08781830174848437
-0.06788309244439006
-0.1976263141259551
-0.1487598204985261
0.08336503338068724
0.010059965308755636
0.2936998684890568
0.14937400771304965
-0.030362107325345278
0.09700490068644285
-0.23149512335658073
-0.16283189738169312
-0.009447782766073942
-0.10456024669110775
0.151774147991091
-0.06758876424282789
0.0318251634016633
0.4777911491692066
-0.01762076048180461
0.06504998309537768
0.12099051382392645
-0.16003945702686906
-0.19592949096113443
-0.17663261480629444
0.04882400808855891
-0.12410906981676817
-0.06365521857514977
-0.03358197072520852
-0.15842502983286977
-0.1602979521267116
-0.043958332389593124
0.09248037869110703
-0.23754256451502442
-0.1796040595509112
-0.1185110080987215
0.03674371913075447
0.11754114087671041
-0.004196653608232737
0.0678547341376543
-0.16348217660561204
-0.14776948373764753
-0.18591210851445794
-0.11534164985641837
0.33938431693241
0.038055144250392914
-0.14999581547454
-0.2700090962462127
-0.25996475713327527
0.1145760496146977
-0.14394165389239788
-0.07630251673981547
0.11132481787353754
0.09715176932513714
-0.0614606118761003
-0.13738608174026012
0.0027905157767236233
-0.1124030938372016
-0.18342371098697186
-0.2727405079640448
-0.018035893328487873
-0.0070907557383179665
-0.0019657774828374386
0.27710210159420967
-0.14979527611285448
0.22090273955836892
0.3705485784448683
-0.0989687591791153
0.0862702657468617
0.08805661648511887
-0.1738698659464717
0.09637189609929919
0.058476336766034365
-0.08707662392407656
0.01730672875419259
-0.13136597350239754
-0.061475444585084915
0.006839734967797995
0.1539251348003745
0.027959258295595646
-0.06947138905525208
-0.06680608633905649
-0.05272982222959399
-0.2831805171445012
0.11562753142789006
0.33739422215148807
0.016331959050148726
0.09699783893302083
-0.1629163441248238
-0.33182781003415585
-0.03262551221996546
0.1516948756761849
-0.16051049856469035
0.04886486288160086
0.2557482277043164
-0.01848806580528617
-0.145150616299361
-0.05115885194391012
-0.22644800785928965
-0.05960254790261388
0.07259208196774125
-0.36551340855658054
-0.026134806219488382
-0.01699944818392396
-0.042384127620607615
0.26279994705691934
0.043060924392193556
-0.0835233279503882
-0.016670893412083387
-0.11520872451364994
-0.1845910963602364
0.0028627472929656506
-0.0859965099953115
-0.09336399286985397
0.1732272943481803
0.05021066963672638
-0.19628959754481912
0.12816146854311228
0.09423852385953069
0.09439892321825027
0.4467181507498026
0.22776272566989064
0.20095886290073395
-0.043110102880746126
-0.13877662969753146
-0.05092360684648156
0.17317722411826253
0.2903181677684188
-0.06135051604360342
-0.2364261425100267
-0.2048950595781207
-0.10781951900571585
-0.36598108196631074
0.1589469462633133
-0.16081477887928486
-0.10537236323580146
0.14388716826215386
0.09081705892458558
0.07760779978707433
-0.2975454516708851
0.14056536089628935
-0.05855047609657049
0.3513991357758641
-0.004823187366127968
0.04565762309357524
0.11365119367837906
-0.07449549017474055
0.21980911726132035
-0.2547022453509271
0.11123199108988047
0.13043681951239705
-0.30239709513261914
-0.1944059352390468
0.09323142748326063
-0.011326472740620375
-0.24817654490470886
-0.09158262610435486
-0.09725392842665315
-0.2551835444755852
0.13469969714060426
-0.057016998529434204
0.11209003953263164
-0.0016209036111831665
-0.24792563263326883
0.40870940452441573
0.19241187116131186
0.006003308109939098
-0.031533532310277224
-0.16256993729621172
-0.12311298865824938
0.11193204531446099
-0.0875473995693028
-0.170998795889318
0.06352981645613909
-0.10430284915491939
-0.34383453195914626
-0.031192562077194452
0.088849987834692
-0.14214130584150553
0.3598899645730853
0.06372820818796754
0.07092043152078986
0.1678458913229406
0.021928101778030396
0.17774214502424002
-0.12585064815357327
-0.07698440970852971
0.05390930827707052
-0.08608339354395866
-0.20156571781262755
-0.09278335841372609
-0.20323921041563153
-0.11470381217077374
-0.104588751681149
0.25364407477900386
-0.01903039962053299
-0.35952623980119824
-0.1459528636187315
-0.4113003173843026
0.14107656432315707
0.21067333733662963
-0.011222418863326311
-0.005195838399231434
-0.19357849704101682
-0.05872677266597748
0.18419419089332223
-0.08100122679024935
-0.12824357533827424
-0.07264066440984607
-0.09616145910695195
0.03605307638645172
-0.05294634681195021
-0.05636490974575281
0.03172624483704567
-0.11878297384828329
-0.1741125863045454
0.1627074619755149
-0.15753205539658666
0.18715847562998533
0.03265413409098983
-0.09610680164769292
0.010957467369735241
-0.4817219180986285
-0.006655697710812092
0.08048825059086084
0.19969718251377344
0.13250603899359703
-0.15027894359081984
0.06639254651963711
0.2487519788555801
-0.0917435628362
0.20314660295844078
-0.12381464941427112
-0.16047800472006202
0.08914897032082081
-0.18948631128296256
0.4078348488546908
-0.12283769808709621
-0.02922051167115569
0.15973991714417934
0.03277041530236602
-0.13584614917635918
-0.04731056932359934
0.004395840223878622
-0.13980780122801661
0.016859736759215593
-0.10978951398283243
0.2394968788139522
-0.15150065952911973
-0.06033717142418027
-0.04165411926805973
-0.017134718596935272
0.08540684636682272
-0.19061674363911152
0.15174338454380631
0.044808097183704376
0.2074618199840188
0.02178122755140066
-0.3686333796940744
-0.08913654321804643
-0.2746530291624367
0.111530683003366
0.0698481691069901
0.11676358990371227
0.2972605936229229
-0.11138408444821835
0.21276880428195
-0.09807242220267653
-0.09835700085386634
-0.02306300587952137
0.1518215462565422
0.060624334029853344
-0.0925281667150557
-0.027525004465132952
-0.031069294549524784
0.11810743995010853
-0.010239207185804844
-0.022390286438167095
-0.2771238135173917
0.19399076094850898
0.16806122846901417
-0.015425894875079393
0.12890798039734364
-0.02219915995374322
-0.009435080923140049
0.1330549162812531
-0.02136864187195897
0.010661053005605936
0.017570852302014828
-0.2963241129182279
0.1399410953745246
-0.17515676841139793
-0.18405527342110872
0.021130958572030067
-0.14936705073341727
-0.12121150735765696
-0.09950616816058755
-0.022112810984253883
-0.026998108252882957
-0.0005214572884142399
-0.3258759300224483
-0.10389434499666095
-0.017622641287744045
0.018427719362080097
-0.14449983835220337
-0.02403001021593809
0.2871884284541011
-0.17203714372590184
-0.06292044557631016
-0.0625244458205998
-0.01756200660020113
0.030721133574843407
-0.11483934195712209
-0.18424000777304173
-0.3238220321945846
0.016954605001956224
0.0329552385956049
0.3289653821848333
-0.06399056315422058
-0.535216654650867
0.16759891947731376
-0.05388546083122492
-0.0916331596672535
0.09407285647466779
-0.1295790602453053
-0.09460526099428535
0.210463329218328
0.08757745986804366
-0.1355202617123723
0.11660311184823513
0.24994869250804186
0.03319770749658346
0.17231216141954064
-0.04454658832401037
-0.009509086143225431
0.04757564654573798
-0.008594206534326077
0.26542459474876523
-0.21924141934141517
-0.04544654255732894
-0.0679018092341721
-0.18187786266207695
-0.011341315694153309
0.13571807323023677
-0.08006688812747598
0.05802503693848848
0.08309959806501865
-0.22312610875815153
0.007439493667334318
-0.23138122772797942
-0.13850269513204694
-0.06708475947380066
0.10105929104611278
-0.3434673296287656
-0.11534171923995018
0.2428268464282155
-0.08999730134382844
0.36057283636182547
-0.045514521189033985
-0.17675439780578017
-0.3465014868415892
-0.31786655727773905
0.14317040937021375
-0.026757362764328718
0.03436046978458762
0.08861203445121646
0.08678731229156256
-0.041838586796075106
-0.1521071707829833
-0.24519110471010208
-0.13633796153590083
0.25125649850815535
-0.042208072263747454
0.08472497574985027
-0.01554335467517376
-0.14077375875785947
0.3191001694649458
-0.010270754806697369
0.1981671443209052
0.26645508548244834
0.010491448920220137
0.07164637232199311
0.10437033278867602
0.0025243647396564484
0.193289449904114
0.18713609734550118
-0.01783182332292199
-0.026040855329483747
0.059058939572423697
0.07083944603800774
-0.08239530818536878
-0.2983232093974948
-0.04673684062436223
0.2616937248967588
-0.08513097930699587
-0.03944554226472974
-0.3001112015917897
-0.07870827335864305
-0.07648312533274293
-0.015933079179376364
-0.2434853441081941
-0.2914025979116559
0.24837568029761314
0.01019463874399662
0.10691720806062222
-0.07730442704632878
0.21111931279301643
0.08007449563592672
-0.016492009162902832
0.08606943255290389
0.04359217081218958
0.09258202742785215
-0.07513982243835926
-0.012871329206973314
-0.21924786875024438
-0.04328675987198949
-0.3554235687479377
-0.20877002272754908
0.18575254967436194
0.05376798612996936
0.1100624492391944
0.06494280463084579
0.07245641155168414
-0.0984528437256813
-0.09686652477830648
0.0905740475282073
0.06123221851885319
0.08019392192363739
0.3364077745936811
-0.12477075541391969
-0.1336442600004375
0.01570443669334054
0.10748004214838147
0.32735506538301706
-0.3159527014940977
-0.07548030838370323
-0.034286629408597946
-0.2180720749311149
0.022904720157384872
0.14906958444043994
0.13742296025156975
0.006982135120779276
-0.00398477865383029
0.05056182108819485
0.009448099415749311
-0.09742198744788766
0.03540542162954807
0.1939734984189272
0.24938898859545588
-0.05796652426943183
-0.20792887546122074
-0.15609475132077932
0.34414198668673635
-0.012225059792399406
-0.11573344003409147
-0.20789456507191062
0.06676782015711069
0.3551457701250911
-0.024836400523781776
-0.09501076769083738
-0.17398743191733956
0.32179245725274086
-0.1247722371481359
0.23746592923998833
0.10581720294430852
-0.12649494223296642
0.02789459517225623
0.24834948405623436
0.3347966982983053
-0.034253261517733335
-0.03663395065814257
0.04992840811610222
0.2646609749644995
-0.0581035241484642
0.027376477606594563
-0.16419130470603704
-0.0010054348967969418
0.1438446892425418
-0.045745220966637135
0.058808125089854
0.17151211807504296
-0.030593029223382473
-0.05082181515172124
0.19086912414059043
0.04898024024441838
-0.20136413956061006
-0.40955945290625095
-0.21624496253207326
-0.08267618482932448
-0.22814456559717655
-0.1047922600992024
0.23873542435467243
0.020345372147858143
-0.05635500932112336
0.28213561279699206
0.31506543746218085
0.06149166543036699
-0.10480497730895877
-0.13332249084487557
-0.03199689835309982
0.013391798362135887
-0.2615779731422663
0.025283735245466232
0.3402264886535704
-0.2261160989291966
-0.004361571278423071
0.05388714466243982
-0.1432066736742854
-0.042077379301190376
-0.09191087307408452
-0.03110446408390999
-0.07549344515427947
0.13974651135504246
-0.014361924026161432
0.0638079191558063
-0.07494078204035759
0.004624103661626577
-0.0811067228205502
-0.06709104916080832
0.5076840934343636
0.22079293709248304
0.07116482220590115
0.14296028297394514
-0.059784112963825464
0.07264496013522148
0.045682291965931654
-0.2511702533811331
0.2981428778730333
0.3000509077683091
-0.053612308111041784
-0.17445045290514827
-0.2086491766385734
-0.10281186457723379
-0.098849106580019
0.2856549876742065
0.00904880277812481
-0.26382719725370407
-0.16955095902085304
-0.32598444866016507
-0.04581290856003761
-0.11043091863393784
-0.26196803990751505
4.6918634325265884e-05
-0.12760084541514516
-0.27529081190004945
0.13698573503643274
0.3315595812164247
0.296701789367944
0.03500194661319256
-0.41204266576096416
-0.08353088749572635
0.5388528285548091
0.2019653869792819
-0.3913852949626744
-0.06620892928913236
-0.11613378254696727
-0.047615861520171165
-0.08272876124829054
-0.17137665720656514
-0.11338293645530939
0.05890150088816881
0.05114691145718098
-0.22077235905453563
0.07125400332733989
-0.2553690541535616
0.0833653868176043
-0.10082083521410823
-0.062247779220342636
0.20647849328815937
-0.1305252332240343
0.1052754819393158
0.12388922553509474
-0.19584229355677962
-0.20245081093162298
0.10377363068982959
0.06729270098730922
0.033094218000769615
-0.2243135180324316
0.2339707720093429
-0.04574820073321462
-0.110501894261688
0.1007408956065774
-0.07486395258456469
0.07949424022808671
-0.24193632695823908
0.03245956404134631
0.07237653993070126
-0.19822657899931073
0.12376973638311028
0.09593765391036868
-0.26834340626373887
0.03502648742869496
0.056601644959300756
0.01327764056622982
-0.12254805443808436
-0.06821014173328876
-0.0008757738396525383
0.23439833475276828
0.29065086925402284
-0.08931847428902984
-0.035460400860756636
-0.11531741032376885
0.022088054101914167
-0.16991359507665038
0.006818180438131094
0.20679511548951268
0.02914658933877945
0.24152118619531393
0.18398887384682894
0.2931171767413616
0.330341795925051
-0.12971851509064436
0.07221364974975586
0.01246611587703228
-0.030063737649470568
-0.141769093926996
0.0019387444481253624
0.1110408972017467
-0.1245829313993454
-0.07280805008485913
-0.27552110282704234
0.05237579112872481
-0.06143958680331707
-0.011489986907690763
0.10773922968655825
-0.036473451647907495
-0.04363851435482502
-0.12498526321724057
-0.4148367941379547
0.010244268923997879
-0.06724296137690544
0.05748027004301548
0.3091369387693703
-0.32082385662943125
-0.03764526266604662
0.1748225912451744
0.003071592189371586
-0.28760169818997383
0.03481609467417002
-0.09543806035071611
0.03273192374035716
0.02930036000907421
-0.21578562958166003
0.12449746392667294
-0.10711516533046961
-0.18431633803993464
-0.07565078139305115
-0.05798620730638504
0.10129208723083138
0.03155449777841568
0.0011042184196412563
-0.11432532174512744
0.23203237866982818
0.12862583808600903
-0.16840738710016012
0.11675519589334726
-0.12022221833467484
0.1395990764722228
-0.07003435818478465
0.10565052181482315
0.15961732529103756
-0.10423122672364116
-0.13482249388471246
0.01309647923335433
-0.008258874528110027
0.034544911701232195
0.40233023185282946
0.12047488987445831
0.2040975303389132
-0.0463218349032104
0.036611147690564394
-0.02517176140099764
0.009504221379756927
0.025403041392564774
-0.2133882842026651
-0.0322661860845983
-0.022284765262156725
0.2954212976619601
-0.0489261788316071
0.008732815738767385
0.23606910649687052
0.1481163166463375
0.04106471175327897
-0.17806514026597142
0.02276954473927617
-0.22583503229543567
0.0287592108361423
0.26802463410422206
-0.2923024748452008
-0.16846663318574429
-0.029802469536662102
-0.018098780419677496
0.03492962196469307
-0.0256677339784801
-0.1465724720619619
-0.15357761410996318
0.21615932928398252
0.25151721481233835
-0.03822977468371391
0.008016078732907772
0.3225722932256758
-0.4411695944145322
-0.27165155159309506
0.07803296530619264
0.17058985400944948
0.22028324007987976
0.037145737092942
0.14660390187054873
-0.21282407827675343
0.2098335400223732
0.07589619420468807
-0.18762838141992688
-0.3722731932066381
0.01083051087334752
0.1391833946108818
-0.3925249590538442
-0.005156763829290867
0.20525539852678776
-0.21498103067278862
-0.00017334846779704094
0.18736914545297623
-0.004401977173984051
0.3527535777539015
0.08538470463827252
-0.06673198472708464
0.1756844916380942
0.03230449603870511
-0.23462121142074466
0.07222479488700628
0.2387067866511643
0.042005750350654125
0.2642690995708108
0.017622921150177717
-0.30447461595758796
0.24306805385276675
-0.12782397121191025
-0.025114937219768763
0.2710465956479311
0.08472413383424282
0.1552098705433309
-0.13327444531023502
0.291302687022835
0.19718150096014142
0.2048677345737815
-0.10694335773587227
0.009029463864862919
0.36446642503142357
0.12932456098496914
0.06795465806499124
0.06996351573616266
-0.14262581802904606
-0.3056847481057048
0.1752911009825766
-0.005936839152127504
-0.019080343190580606
-0.1494293501600623
0.10168923763558269
0.15980266267433763
0.05981467477977276
-0.2510474156588316
-0.15255576791241765
-0.13697786210104823
-0.20601480174809694
0.04914223216474056
-0.5286949845030904
0.0024425764568150043
-0.22399015445262194
0.03319633100181818
-0.23739088093861938
-0.24732864275574684
-0.2589052226394415
-0.37282998161390424
0.18228697683662176
0.013267714530229568
0.13163299299776554
-0.19744714302942157
0.23561362270265818
0.09559439681470394
-0.16435729851946235
-0.4116890565492213
-0.07684028008952737
-0.24080154160037637
-0.3316804408095777
-0.05778653081506491
-0.06583555648103356
0.191816967446357
0.04049074603244662
0.06496333936229348
0.058515900280326605
0.07486998196691275
-0.19387889560312033
0.013586487621068954
-0.09854214265942574
0.052167571149766445
0.19396750442683697
0.029814763460308313
0.03671950241550803
0.0854633403941989
0.07621579989790916
-0.017120412085205317
-0.23510518856346607
0.10087299672886729
0.13528429390862584
-0.47380192019045353
-0.17902802722528577
-0.06815750943496823
-0.14115016628056765
-0.42560541536659
0.08788334019482136
-0.011474698316305876
-0.1918583232909441
-0.001324768178164959
0.2730493056587875
0.13193258084356785
-0.4434295194223523
0.26471630204468966
0.22609018394723535
0.1657224614173174
-0.11155149433761835
-0.18471301347017288
-0.06278279889374971
0.2538374881260097
0.2852570009417832
-0.146436613984406
-0.0719233681447804
-0.03421104559674859
0.039793862495571375
-0.19477975042536855
-0.29964032117277384
-0.16033120499923825
-0.12576045421883464
-0.11928404867649078
-0.19810866098850965
-0.02349470602348447
0.1719458163715899
0.015906368847936392
0.16569254640489817
0.2252307515591383
0.04653390310704708
0.006430279929190874
-0.001140587031841278
-0.2229873863980174
0.0762852686457336
-0.05198758188635111
0.065570586360991
0.15977832954376936
0.08629194460809231
-0.13427338190376759
-0.0062716626562178135
-0.12302611628547311
-0.401403630618006
0.2408667546696961
-0.07161249360069633
0.14118796959519386
0.1571683739311993
0.16725843399763107
-0.2221101182512939
-0.14245740417391062
0.21505747316405177
-0.0714580025523901
-0.3711859700269997
-0.017248683143407106
-0.12473773024976254
-0.500817287247628
0.1637040711939335
0.007206088863313198
0.21529050869867206
0.049841441214084625
0.1716577154584229
-0.054523597471416
-0.17797456728294492
0.20729720406234264
-0.11123012192547321
0.1106135449372232
-0.3300774460658431
-0.20439688861370087
0.24654486821964383
-0.037281517405062914
-0.10876029683277011
0.05850851768627763
0.02828120393678546
-0.008050576783716679
0.07334503903985023
-0.04770561866462231
0.14063940290361643
0.1661047195084393
0.36122538009658456
0.01636116672307253
-0.29393758391961455
0.1239756140857935
0.04460637737065554
-0.10857350286096334
0.1326443855650723
-0.2189370160922408
-0.027352638076990843
0.22628792561590672
0.2664531199261546
0.1804077341221273
-0.10800057230517268
0.4307942125014961
-0.0008266037330031395
0.05636885482817888
0.09723588358610868
-0.08697763131931424
-0.1492550610564649
-0.021924393251538277
0.24542707111686468
0.1411871206946671
-0.06602548342198133
-0.10478435596451163
0.1931326691992581
0.12565811490640044
0.385564586147666
-0.08219390735030174
-0.2502678195014596
-0.21519427094608545
-0.20870756451040506
0.35973501205444336
0.11669222544878721
-0.046734862960875034
-0.19928769441321492
0.07639777287840843
-0.1650598249398172
-0.17954176757484674
0.40537418564781547
0.21086095925420523
-0.062234504614025354
-0.13055366929620504
0.1483986284583807
0.0008097509853541851
0.08702813182026148
0.29658548533916473
0.38465379225090146
-0.13270902819931507
-0.0010509639978408813
0.07035945542156696
-0.057816335931420326
0.28901110915467143
0.1221939092501998
-0.16017416724935174
0.06995810102671385
0.20856087934225798
-0.25595463160425425
0.04703865386545658
-0.11780916340649128
0.10771989822387695
0.224548296071589
0.018183427397161722
-0.029254157561808825
-0.044811994303017855
0.2176566645503044
-0.32448633946478367
-0.1864921203814447
0.039357234723865986
-0.1997391297481954
-0.12194066774100065
-0.154343128670007
0.23248145310208201
-0.06993633694946766
-0.1535760615952313
0.26992013631388545
0.0780164897441864
-0.12093473272398114
-0.13248778693377972
0.2520902855321765
0.13455310463905334
-0.2110015181824565
-0.06079777795821428
0.10716648865491152
-0.07001723954454064
0.27055411553010345
0.06770267570391297
-0.06203379202634096
0.08637444488704205
-0.08137816051021218
0.15092683862894773
-0.18337658373638988
0.009401545394212008
0.2259173784404993
-0.046828129794448614
0.010182563215494156
-0.11389258876442909
-0.24538202118128538
0.06443160306662321
-0.1468880157917738
0.18935525976121426
0.2687526158988476
-0.2835291102528572
0.4009450958110392
0.18671675119549036
0.2236995487473905
0.15109516214579344
0.054572286549955606
0.3898618002422154
-0.24658428458496928
0.03188265394419432
-0.1754666492342949
-0.4210080993361771
0.22139462223276496
0.03799758991226554
-0.10147360013797879
0.03222803305834532
-0.046172058675438166
0.005639588925987482
0.21781293069943786
-0.13489180942997336
-0.005904227029532194
0.08133913995698094
-0.17101178178563714
0.0845288373529911
-6.488338112831116e-05
0.1534556234255433
-0.089910670183599
-0.33641324331983924
-0.3983648931607604
0.07101649744436145
-0.1078618848696351
-0.22747373674064875
0.2516127205453813
0.1017224621027708
0.1513260374777019
-0.06404377333819866
0.19878507126122713
0.19225776428356767
0.12685250909999013
-0.056523822247982025
-0.29033101815730333
-0.09379806974902749
-0.006024661939591169
-0.15347789088264108
-0.2743340148590505
-0.004605939146131277
-0.1461484469473362
-0.2381012700498104
0.12340905424207449
0.095276003703475
-0.19554675137624145
0.1639284468255937
0.06765051651746035
-0.33355405973270535
-0.25121384393423796
-0.07188481651246548
0.2106322655454278
0.02961320010945201
0.02036529080942273
-0.3030521241016686
0.010492459870874882
0.027359466068446636
-0.1578572578728199
0.007407182827591896
-0.25967689231038094
0.18056971998885274
0.030614107847213745
-0.12367984279990196
-0.04438450327143073
0.24874273827299476
-0.24170376639813185
0.02618171088397503
0.128867378924042
0.05766261089593172
0.21231294702738523
-0.2868061726912856
0.07875605672597885
0.07659063162282109
0.3195220581255853
0.21696324460208416
0.14391728350892663
0.12210700381547213
-0.06914325105026364
0.010890584904700518
0.23997978772968054
0.07532956777140498
0.22073283651843667
-0.07503028586506844
0.15951549028977752
0.31109108217060566
-0.1794158979319036
0.02300463616847992
-0.010262447409331799
0.41830610763281584
-0.010145497508347034
0.18434636387974024
0.12617091089487076
-0.03327908739447594
-0.048897318076342344
-0.3345052166841924
0.09656060254201293
-0.20690233167260885
-0.06111566070467234
-0.025316241197288036
-0.035192773677408695
-0.030710259918123484
-0.08912334451451898
0.23057691100984812
-0.10929707391187549
0.0032516522333025932
0.05909862648695707
-0.1248752037063241
-0.27506949473172426
-0.1253950116224587
0.04552481975406408
-0.09568734932690859
-0.1364843682385981
0.07281209900975227
0.1659287055954337
-0.1208884515799582
0.08282665070146322
-0.026718036271631718
-0.19390398636460304
-0.3914291746914387
0.12163174571469426
0.15588473621755838
-0.2268317649140954
-0.15665284683927894
0.03142763813957572
0.008554508909583092
0.011327473912388086
0.36251149512827396
0.03226368175819516
0.2162248338572681
-0.027678039390593767
0.04056254867464304
0.09010973619297147
0.07353255525231361
0.2387681696563959
0.050552265252918005
-0.15756089566275477
-0.34792918572202325
-0.05051507940515876
-0.06776242377236485
0.2354726535268128
0.048171932343393564
-0.17862944677472115
-0.05624341079965234
-0.09550500381737947
0.24629545956850052
0.106420723721385
0.12223380012437701
0.24508257489651442
-0.21502302400767803
0.19700585259124637
0.27486703684553504
-0.17105195112526417
-0.030592058319598436
0.02542310720309615
0.22688218019902706
0.15675823716446757
0.016908764839172363
0.11574632069095969
-0.043872881680727005
-0.057740024756640196
0.16311980225145817
0.14679774595424533
0.17381874192506075
0.1797100375406444
-0.1299565671943128
0.16530022909864783
0.30356842931360006
0.006588461343199015
-0.024737794417887926
-0.23789808340370655
0.009214346762746572
-0.099661894608289
-0.08788781147450209
0.00856147613376379
0.2334170639514923
0.18598945392295718
-0.2046005167067051
-0.03096000710502267
-0.15227032313123345
-0.12089177127927542
-0.1432817503809929
0.08444878598675132
0.07128728553652763
-0.2808013432659209
0.026478481013327837
0.120397022459656
0.12224806426092982
0.1675843014381826
0.023558724205940962
0.0326402192004025
-0.08401629934087396
-0.12358116963878274
-0.08938829135149717
0.23146023973822594
0.14762947987765074
-0.1040528048761189
0.07557645440101624
0.22537057800218463
0.08603833382949233
0.018001987598836422
0.04433132288977504
0.1405916609801352
-0.12960157403722405
0.02707435004413128
-0.17843678314238787
-0.04896010318771005
0.08144977176561952
-0.3714469592086971
0.32946216873824596
-0.119757532607764
0.21786455251276493
0.07533530378714204
0.15903752343729138
0.1154950256459415
-0.254125933162868
-0.22311406023800373
-0.11629169527441263
-0.02922383463010192
-0.6173248481936753
-0.03352695284411311
-0.2540939995087683
-0.11237753741443157
-0.31278200494125485
-0.19327278202399611
0.03092408925294876
-0.03484026016667485
0.016430380754172802
-0.029093467630445957
0.1586017427034676
0.11457656929269433
-0.009655452333390713
-0.04591404739767313
0.0648919977247715
0.030713585205376148
0.33889009477570653
-0.3393529015593231
-0.08111057244241238
-0.30944314040243626
-0.26210774667561054
0.18535328935831785
-0.19115802831947803
0.32073213858529925
0.08626531017944217
0.004022343084216118
-0.08797089150175452
0.13242800161242485
0.0029070773161947727
-0.1659119725227356
0.18106059217825532
0.12188443215563893
-0.10923297423869371
-0.026279591489583254
0.16451837867498398
-0.08541288739070296
-0.09484899137169123
0.010361701715737581
0.2266042805276811
-0.18152765650302172
-0.015567016787827015
0.21810609428212047
0.22006485844030976
0.128594356123358
-0.22151314793154597
0.16698223631829023
-0.017498191446065903
-0.18171913642436266
0.09014701656997204
-0.028979177121073008
-0.2043733629398048
0.17276721354573965
0.09509632783010602
-0.058806882705539465
-0.22990174684673548
-0.13837933912873268
0.12032605195418
-0.12470938079059124
-0.08650498697534204
0.12703992798924446
0.22358195902779698
0.12927454663440585
-0.010088025126606226
0.08265527803450823
-0.11235304130241275
-0.41940413881093264
0.23462715093046427
0.14495492354035378
-0.008704619482159615
0.1532603045925498
0.31898179976269603
0.07182441093027592
0.0380948013626039
0.1599549581296742
-0.013497956562787294
0.33112391643226147
0.06976959481835365
0.06957327434793115
-0.08986804075539112
-0.14562043733894825
-0.2685433798469603
-0.12892692862078547
-0.062256928998976946
-0.026987419929355383
0.11321169417351484
-0.1211827197112143
0.15369494399055839
-0.13889957033097744
0.14614387042820454
-0.027022127527743578
-0.05250194622203708
0.021148848813027143
-0.3401621449738741
0.28522529965266585
0.15308778826147318
-0.03853962058201432
-0.06468717288225889
0.051411251071840525
0.02867782162502408
0.014398938044905663
0.031230954453349113
-0.06092462223023176
2.248259261250496e-05
0.15741817047819495
0.10653560189530253
-0.15155779663473368
-0.008645083289593458
0.18400980299338698
-0.14517202321439981
-0.3105007912963629
-0.05207499163225293
-0.3547104396857321
-0.08863389305770397
-0.05889631249010563
-0.13351918291300535
-0.08800665708258748
0.16016011126339436
-0.03705308632925153
-0.14488458493724465
0.12828953517600894
-0.05170623352751136
0.21889210678637028
-0.013430949300527573
-0.004884528927505016
-0.04957131948322058
0.21250161854550242
0.12837461102753878
-0.13426600256934762
0.13027819944545627
-0.207424181047827
-0.024091864936053753
-0.07985910447314382
-0.07520648930221796
0.11538845114409924
-0.20294838910922408
-0.11889620870351791
0.18500804482027888
0.085161492228508
-0.14181795110926032
-0.018529463093727827
-0.1028146711178124
-0.1801841678097844
-0.08492506388574839
-0.12242935271933675
-0.2515056924894452
-0.14796521933749318
0.07616065256297588
0.24029064131900668
-0.09609172167256474
-0.164666963275522
-0.08414840698242188
-0.0905096372589469
0.17223023809492588
-0.14040113938972354
-0.01037898613139987
0.06568673299625516
0.2343253162689507
0.1456809313967824
0.1424413463100791
0.04321531066671014
-0.3371391873806715
0.5331396507099271
0.17621287610381842
-0.13655516738072038
0.22346025239676237
0.21823197463527322
0.33281662594527006
0.2591521074064076
0.03494889521971345
-0.04646341456100345
0.2822631890885532
-0.2589947562664747
-0.12699616700410843
0.1458029067143798
0.2776381825096905
0.21420313930138946
-0.07631956739351153
0.43543519312515855
-0.037228270433843136
-0.036320898681879044
-0.1519910003989935
-0.06044425303116441
0.12552284263074398
-0.0709272688254714
-0.13230118108913302
-0.4543988318182528
0.09616542654111981
0.1814439818263054
0.10970369400456548
0.0035170535556972027
-0.08444215497002006
-0.23846320854499936
0.0401668231934309
-0.01430587749928236
-0.3615842452272773
-0.05679702199995518
0.08278772979974747
0.20224857004359365
0.29085599025711417
0.16561336629092693
0.03559303190559149
-0.14421373791992664
-0.1836836147122085
0.19284180738031864
-0.017777505796402693
0.22099491208791733
0.1297497944906354
-0.06440769182518125
-0.13698277482762933
-0.10100165335461497
0.06490034516900778
-0.14708216255530715
-0.1010673358105123
-0.05715044867247343
0.015394130256026983
0.05887732421979308
0.19699276238679886
0.01707579381763935
-0.18709165416657925
-0.18382973363623023
-0.26706647081300616
-0.09963270043954253
0.0674072396941483
0.1523734820075333
-0.11925343191251159
0.050905993673950434
0.12532490259036422
-0.020016256254166365
0.09339821618050337
-0.016742780804634094
0.3739696671254933
-0.2958134920336306
-0.18704092130064964
-0.12601384287700057
-0.05553180957213044
0.26875823037698865
-0.19246585806831717
0.3098213328048587
-0.06886722287163138
-0.029595925472676754
-0.18523826077580452
-0.2607799689285457
0.23145168367773294
-0.011999642942100763
0.010712138377130032
-0.20383152551949024
0.0020414404571056366
-0.07909111166372895
-0.10010914923623204
0.18822413077577949
-0.05692413216456771
-0.08457529079169035
-0.10310698859393597
0.0815800721757114
0.1453100643120706
-0.09519891394302249
0.21164228627458215
0.27654392225667834
-0.009292036294937134
0.204109329264611
0.10152912233024836
-0.12823759485036135
0.08921170514076948
0.171791001688689
0.14036800060421228
0.20957160415127873
0.03529227478429675
0.22200743993744254
-0.019423913210630417
-0.272290981374681
-0.06192075274884701
0.20812787720933557
0.15488081891089678
-0.16770027857273817
0.08360598469153047
0.045529658906161785
-0.15830672020092607
-0.011107244994491339
0.17294158320873976
0.21846011327579618
0.5153150376863778
0.041335480753332376
0.00399280060082674
0.20644159708172083
-0.04919980792328715
-0.020174682140350342
-0.2064379509538412
-0.05577077716588974
0.20199194410815835
0.16177450912073255
0.27379864687100053
0.06745391199365258
-0.06731063406914473
-0.08857731707394123
-0.3141244198195636
0.07327520055696368
0.24122063908725977
0.0759196300059557
-0.22930232109501958
0.021071323193609715
-0.3539831140078604
-0.024865141604095697
0.26492678467184305
-0.13231865456327796
0.09934779768809676
-0.22648830711841583
0.26178570510819554
-0.07065319502726197
-0.08995919534936547
0.15254301112145185
0.13661708077415824
0.39046848425641656
-0.051840188447386026
-0.24583304161205888
-0.09188260417431593
-0.1631399691104889
-0.11163121508434415
0.1390886283479631
-0.05341240298002958
-0.06928884936496615
-0.11447738902643323
-0.3589943703263998
-0.433203071821481
-0.09690182656049728
-0.1893742955289781
0.25352082680910826
0.19438303587958217
-0.0824924148619175
-0.0874959216453135
-0.12983678095042706
0.18364379229024053
-0.05990060791373253
-0.026594534516334534
-0.25199567805975676
-0.04795004101470113
0.1800303184427321
0.24497145134955645
0.27539085038006306
-0.02132880687713623
0.00771656958386302
0.02414377499371767
-0.057395254261791706
0.15815854165703058
-0.03650292009115219
0.0011576800607144833
-0.00010789185762405396
0.30114139057695866
0.05903240013867617
-0.20644876779988408
-0.08237429847940803
-0.2223611706867814
0.3780788383446634
-0.09250168222934008
0.028688250109553337
-0.17038147523999214
0.014914733357727528
-0.1751596941612661
-0.05693832691758871
0.6368726356886327
0.024358884897083044
-0.22746951458975673
-0.3234952325001359
-0.11216693744063377
-0.12174384156242013
0.11660573072731495
-0.18046201160177588
-0.07253290107473731
0.16424858197569847
0.06813023425638676
-0.029777055140584707
0.05031494190916419
-0.039905138313770294
0.06525298487395048
0.29912981344386935
-0.12107091350480914
-0.032239224296063185
-0.12011136999353766
-0.04710935661569238
-0.08080904511734843
-0.073621672578156
-0.0007567298598587513
-0.19509372068569064
-0.20974488835781813
-0.23408710397779942
-0.10712007666006684
-0.01860826089978218
-0.17804256500676274
-0.16821171855553985
0.151851752307266
0.027861083392053843
-0.4503140663728118
-0.2722791493870318
0.015143361873924732
0.07396925054490566
-0.15694167418405414
0.014491844456642866
0.32996580842882395
0.1635447470471263
0.1784179643727839
-0.24574377248063684
-0.28181159123778343
-0.010005543008446693
0.14514736458659172
0.2719541764818132
0.10030389716848731
-0.02260418701916933
-0.38990384014323354
-0.20961601426824927
-0.07167474459856749
0.4674442554824054
0.30959927197545767
-0.24610245740041137
0.23630214342847466
-0.2295327908359468
-0.1620774599723518
-0.3918461254797876
-0.055377500131726265
0.3185848705470562
-0.2754685371182859
0.0006779520772397518
0.1890383423306048
0.23075917782261968
-0.2604884561151266
-0.1445963098667562
0.07045664638280869
-0.18267526011914015
0.008781989570707083
-0.13039807556197047
-0.04147779010236263
-0.08559627924114466
0.0245898705907166
-0.07936260756105185
-0.08066843776032329
0.06608927203342319
-0.012592577375471592
0.18239946104586124
-0.1518989922478795
0.04961804440245032
-0.2469177353195846
0.039058866910636425
-0.07826927024871111
-0.1136764888651669
0.11192487552762032
-0.150861453730613
-0.07991685857996345
-0.39429898792877793
0.4246320631355047
-0.13463271828368306
-0.06623165775090456
0.18330636061728
-0.315869624260813
-0.24462154414504766
-0.3026006002910435
-0.08660700405016541
0.1919657438993454
0.41587243834510446
0.06907088775187731
-0.10117486165836453
-0.18242067890241742
-0.0657996884547174
0.03423593519255519
0.14911065809428692
0.15000087255612016
0.15400126855820417
-0.03457665257155895
0.11118337884545326
0.10809488594532013
-0.2798689096234739
-0.19633369566872716
0.09248803369700909
0.18491377960890532
0.0749628352932632
-0.13850977225229144
-0.0851537398993969
-0.004733148030936718
-0.1759243574924767
0.15476977406069636
0.1508970307186246
0.2820704900659621
0.19605269795283675
0.17737091006711125
0.05378517135977745
-0.06342446291819215
0.026104806922376156
-0.0319272680208087
-0.12335101515054703
-0.020929740741848946
0.009624799247831106
-0.1378758172504604
0.07200781209394336
-0.04566084314137697
0.1704426729120314
-0.24002371635288
-0.09511088533326983
0.047697484493255615
-0.26528656436130404
0.19534705951809883
0.25393011700361967
0.10769425798207521
-0.1542153935879469
0.23695904668420553
0.27210238156840205
0.19772210717201233
0.24155229749158025
-0.16286376724019647
0.013090236578136683
-0.2606387697160244
-0.24232573295012116
-0.09835395682603121
-0.07259368803352118
0.13393524987623096
0.05394848110154271
0.13111496856436133
-0.04005908966064453
-0.1003287872299552
-0.04404677543789148
-0.13623702805489302
-0.03455844847485423
0.0803513778373599
0.016021563671529293
-0.13783856062218547
0.09818745870143175
0.1740910680964589
-0.16199191007763147
0.24746101582422853
0.1493664807640016
0.11779259517788887
0.03527227323502302
-0.07256258418783545
0.18892933474853635
-0.10341864870861173
-0.2865963145159185
-0.003784769680351019
0.008964513428509235
-0.12062914855778217
-0.18068593367934227
-0.3916771491058171
-0.10529493261128664
-0.010315170045942068
0.20381646184250712
0.018119187094271183
0.02548927953466773
0.0616183765232563
0.10737141501158476
0.2705023302696645
0.10958275850862265
0.11886003380641341
-0.02407197281718254
0.11523081129416823
0.03021352831274271
-0.08832730632275343
0.06358303129673004
0.09604019904509187
0.11054425546899438
0.17870942689478397
0.19886449771001935
0.20570646924898028
0.0610664295963943
-0.02799709001556039
-0.07546574342995882
-0.1254919422790408
-0.25963043002411723
-0.12081084819510579
0.37367111165076494
-0.0976804974488914
-0.06697994936257601
0.009491703938692808
-0.004415130242705345
0.16465799696743488
-0.2884475961327553
0.15814544539898634
-0.11577203683555126
0.001018595416098833
-0.03726545535027981
-0.4254295895807445
0.12308208923786879
-0.2293138327077031
0.20444055972620845
0.09769912296906114
-0.42146673146635294
-0.07540417229756713
-0.08465061616152525
0.08183243032544851
0.0353178633376956
0.060924213379621506
0.04414565768092871
-0.012926608324050903
0.044010117184370756
0.1592130409553647
0.06766157504171133
-0.14497245009988546
-0.09798261104151607
-0.15470558078959584
-0.20426096860319376
0.032443452160805464
0.08729362022131681
-0.11855982942506671
0.06632182421162724
0.06816871743649244
-0.0237532751634717
-0.09196382947266102
-0.1190227372571826
-0.1226007966324687
0.11864752229303122
-0.03430644515901804
-0.085131392814219
0.14429186563938856
-0.15852004010230303
-0.034020778723061085
0.09050833433866501
0.23450147034600377
0.2821715008467436
0.41331688687205315
0.12638475932180882
-0.1822057836689055
0.2896354543045163
0.18889599945396185
-0.089670748449862
-0.22738014347851276
-0.40973737044259906
-0.008615978062152863
-0.08228397136554122
-0.2572291227988899
0.05378286959603429
-0.1662574796937406
0.05568997096270323
0.0639376756735146
0.014718329068273306
-0.10887571610510349
-0.12560818204656243
-0.1987692592665553
-0.1855248068459332
0.10262256022542715
-0.06774245714768767
0.24545402452349663
0.33392169419676065
-0.017172939144074917
0.04112710105255246
0.47666052356362343
