  310958896
 -283143123
  221205005
 -190759490
  144167861
 -134365022
   96626760
  759220040
   85265878
   94033939
   87272971
   -5341443
 -328434099
  424848885
  861965309
  146729893
 -238747487
  185032030
  328664110
 -455246418
 -501307304
   40785803
  545432315
  127839345
  583129749
   35528113
   -1915745
  123378892
 -178749756
 -441628172
 -200956874
  222851099
 -545755133
  221042194
   76438039
  307736776
 -518837716
 -862900625
  156961378
  272471359
  436135773
  181545412
 -249790727
 -442167905
  603511209
 -377383787
 -410324364
  727991889
  194904653
   64521909
  124072227
   90378289
 -715226252
 -602916343
  188889914
 -432457295
 -422788439
  -29469249
 -671024443
  128141046
  -45062636
  524270201
  346181899
 -655057990
   48322663
 -241234071
  288353657
  513376159
 -216099480
  149416598
  293622737
  -54682094
  260419755
  363622750
  598448135
  -99731150
  397173280
 -114236323
 -413517973
  232870781
  122296147
  443880540
 -514793847
  392554685
 -514406076
  -98852570
  878760525
 -624569227
  433027922
 -166156926
  178097446
  177955951
 -168221095
  527208161
  471043584
  194518132
 -263283931
    2375399
 -129917261
  588462942
 -157581746
 -632473344
 -262265105
 -201682650
 -242755063
  339171792
  549326596
 -198592091
  146334062
  247662937
  286465938
  203654639
  -23395928
  191929197
  581286000
   34654488
 -169119406
 -408045063
  -20529739
  222667907
 -337279307
 -123003246
  160784090
  130914771
 -463092191
  -72704503
 -206767833
 -159847677
 -665264643
 -562468507
  802958633
  441545054
   73582663
 -588859929
  413839736
  635138838
 -279992411
  119973718
 -227830482
 -513907914
 -235917076
  705705431
  235632946
  182761651
  461115877
  -80705830
  326050539
  296530684
  -82014310
 -675068912
 -103751448
 -212236700
  144722610
  768485451
   16247547
  260765785
 -110412149
 -243995170
  223017283
   68794468
  -29610325
  639174308
  480566821
 -268630286
  -67526324
 -417961733
 -318009111
 -279284282
 -256865496
  156528135
 -651030195
 -225988523
 -104267811
 -416609078
   45595276
  346573725
 -406996714
 -529434211
 -119081964
 -677259839
  -59384096
 -443035809
  -11395175
  251802113
 -547183970
 -177108818
 -347378930
  404089186
  723407283
  349663517
 -278729480
 -336325007
  260376439
 -115232108
  374549768
 -344108128
  -28541311
   37687571
 -324774132
  691910818
  203182202
  321352449
  202974979
 -224714418
 -420729882
 -340003156
 -269438455
 -259216182
  -33109926
 -264148090
 -416957014
 -481141830
  -97709422
 -193187637
 -377964837
 -176714359
   44962864
  -18769538
 -521269285
   82001705
 -392773877
   32524791
   18437140
  239319913
  321937032
 -621074495
 -115121241
 -800235117
  -55760939
 -178881943
  177249993
  -60729266
  702107045
  497946331
 -863033240
  119987702
  -97408091
 -135948623
 -141119611
   74695766
 -616082302
  128512404
 -150281806
  257764616
  -70361649
 -165609835
  872517774
  252586034
  662890237
   43471906
 -535563864
 -386745309
  221457011
   89288938
  -51066098
 -340692393
  220404393
 -388204112
 -557630298
   74135517
 -336097348
    3322902
  326974544
  574725996
  268564671
   14986799
 -274443067
  291763418
 -210247162
   96083600
  367153758
 -130404524
  225028166
  276440786
  864708991
  490699958
   40627144
 -415263546
 -380734232
  -79542368
  201322823
 -488141259
 -617416666
  286358882
 -325595510
 -298377792
  115657360
  -80309040
 -370109469
   38589082
  295234866
 -105257973
   37516613
  369920927
  -48892011
  -46571297
   78428300
  -26819644
 -176901779
   88960013
  183638043
   82318869
 -238943737
   42321717
 -364383849
 -538152490
  465785864
 -270800379
   46471992
  -73496991
  461871751
  214796193
  359106167
  628123432
 -625448348
  231442826
 -119435878
 -447871594
 -140856836
   65962820
  -94167522
 -351898955
  440961867
  481777610
 -189499862
 -511483492
 -213796871
  -88208083
 -165445594
  -35221748
 -355428085
 -203960470
 -102102575
 -289041329
  119297015
  -69513784
 -391037299
  461337305
  117620253
   99192256
 -223908957
  -17915925
   94677830
 -454866820
 1105923485
   82310507
 -156042602
 -152266396
  424629515
   60153357
 -796170424
   84232766
 -265716723
   64801201
 -212506853
  327535047
  320326316
 -826711524
 -415877296
  444863244
 -106411165
 -177677167
  363765243
  325030201
  224049658
 -364047284
 -712473638
 -134618731
 -376802094
 -254400871
  -97891582
 -105226303
  262309586
  199541736
  109902587
 -501449530
 -113438420
   39408989
  101687766
   17834496
   13430479
  228310569
  145202074
   42309439
  322073469
  -84798339
 -695264607
  279947214
 -289076012
 -295680976
  449202518
 -137592706
 -317703890
  421929413
   -5342814
 -306739902
  194693484
   85059413
   99195105
  215209310
   -4601414
  -14267638
  409346130
 -347533315
  343705058
  -60545133
   53663130
  -42766508
 -158665450
  278341540
 -823207889
  -25721994
 -815681072
  125078095
   75832888
   97634274
  134910433
 -590722367
   63716230
  -96439980
  635311363
  -62804339
 -653789200
 -372935530
  490570173
 -243718430
  304377566
  488876086
   11830771
  607952229
 -136516158
   95532341
 -128774840
 -187074852
  636504803
  800150648
 -315812109
 -426201997
  133106000
     -19557
 -140066714
  225462025
 -578724858
 -380980684
  107086316
 -444658974
  406314202
  297252141
   40442208
 -101296789
  -50266175
 -629687746
   64432072
 -252040684
-1345961695
 -174512717
 -234854142
 -191901064
 -310891593
  955757359
 -233687844
 -264026028
 1391963987
 -513767209
  425448955
   92901991
  285411028
  209624606
-1067137002
 -114256988
  229425662
  219155230
 -256794717
  742335945
 1076892855
  120700919
 -251298705
 -605908427
 -211737345
 -169888252
 -553332439
  187928487
  179522019
   58710774
  144862395
    7974758
  -99135821
    3808218
 -888319943
-1261220969
 -104263852
   88759079
  255038098
 -103632298
   82984254
 -227714397
   78634041
  -40456886
 -857525301
 -239620608
  -65648879
  321954409
 -618160140
 -165269691
  -65653538
 -596086317
 -462576067
 -555868543
  111544039
  -46337439
  321522087
 -216242977
   37857737
 -608099409
 -475815515
  409899992
   -9534135
 -266475801
   61526992
 -169014988
 -398634027
  296958111
 -700608367
  157344673
 -219652532
 -548647121
    4115321
 -303520673
  351633838
  -40593999
 -586602771
   61680173
  326068009
 -129226430
 -360905843
  -58345922
  575948167
 -339044225
 -510585576
  204553562
 -551849054
   43457477
   29112632
 -139926782
  423784216
 -607006960
  -65018261
  431471604
   22949995
  193781852
  -91281933
  257472049
 -518321926
 -862957860
  592026582
  195351008
 -788088625
  202568188
  527591119
 -501812073
  850473173
   12042291
  -97932457
  256500911
 -391471195
  197790767
 -364790603
  341228050
 -594512305
 -193998945
  428446410
 -183179161
 -312350548
  -59336145
   90777428
  190812052
  213624794
 -682895958
   88637540
  -94332943
  119012245
  486708764
   76218606
  168188609
  236737158
  451663868
   35599084
 -203975191
 -506739785
 -263480378
  585521573
  320595327
 -298939821
 -122499061
 -185841033
    8107768
  415786519
  248135607
  526625737
 -395936534
 -240804154
  708719501
  433407902
 -238893768
  139439499
  214629030
 -160950536
  144205142
  246260766
  204149628
 -550167915
  170452663
 -308385710
 -204605349
 -361065029
 -174050219
 -525735234
 -635185208
   83779237
-1163214609
  228777539
  -61910981
 -393175336
 -293547638
 -481655904
 -184141513
 -871955792
 -587487155
 -202568047
 -676571509
 -413076028
  439439903
   18952517
 -582764906
 -583568219
  137787025
  309702450
  -87281103
  169508296
 -127149784
   30853555
  188588367
 -145777831
 -424399278
 -319459282
  179025046
   21603611
  630715665
  320778239
  -65202129
  208316438
 -497131992
 -349678837
  -20288959
 -224541420
  325932501
 -145145766
   68344018
 1026048680
  -37840295
  139693775
  259825150
 -343682117
 -420755378
 -379315652
  104848759
 -266522198
 -136698541
  -72116733
 -340215161
 -344237231
  -94399800
  198600101
 -510118773
 -385696781
 -254500452
   78906536
  252417678
   -9012245
  145716932
 -351075301
 -317332550
 -399243213
 -247694307
  728822271
   81722800
 -322113561
 -579840119
 -558270065
  246050193
 -309112348
 -163858407
  239068226
  208631836
 -131985659
 -295034364
    5992587
 -241383806
 -393899420
 -585705781
  -38731786
  -15227282
   -4221475
  595072232
 -321682906
  474385021
  795747013
 -212533792
  185263985
  189100144
 -373382694
  206957071
  125576977
 -186995626
   37165917
 -282106280
 -132017512
   14688219
  330551710
   60042050
 -149188672
 -143464978
 -113236431
 -608125530
  248308233
  724548575
   35072615
  208301273
 -349860185
 -712594796
  -70062754
  325762265
 -344693671
  104936494
  549215137
  -39702819
 -311708575
 -109862798
 -486293394
 -127995497
  155890309
 -784934068
  -56124069
  -36506037
  -91019221
  564358589
   92472631
 -179364981
  -35800471
 -247408852
 -396406361
    6147703
 -184676099
 -200497648
  372002782
  107826592
 -421528701
  275224658
  202375689
  202720144
  959319924
  489116729
  431555872
  -92578241
 -298020543
 -109357613
  371895257
  623453518
 -131749230
 -507721275
 -440008790
 -231540654
 -785938389
  341335968
 -345347108
 -226285427
  308995341
  195028149
  166661481
 -638973992
  301861814
 -125736190
  754623898
  -10357716
   98048999
  244064080
 -159977847
  472036485
 -546968907
  238868882
  280110937
 -649392817
 -417483567
  200212966
  -24323415
 -532955072
 -196672192
 -208851221
 -548002489
  289265397
 -122443072
  240711527
   -3480864
 -532416242
  877696763
  413201347
   12892006
  -67717745
 -349116282
 -264383130
  240372237
 -188006609
 -367217118
  136429242
 -223988663
 -738379035
  -66985517
  190803896
 -305246130
  772857814
  136855285
  152300467
  360446307
   47090240
  381698350
 -270262209
 -165322761
  115769358
 -184862680
 -432859083
 -199250745
 -436452881
 -246324561
 -224602634
  544696503
  -40867472
 -772076721
 -313431388
 -883260706
  302959615
  452417547
  -24099961
  -11157978
 -415706657
 -126114784
  395554013
 -173948810
 -275400981
 -155994639
 -206505161
   77423392
 -113701414
 -121042722
   68131592
 -255084494
 -373903932
  349411614
 -338297513
  401919766
   70124219
 -206387785
   23530982
-1034489942
  -14293002
  172847202
  428846434
  284554552
 -322721574
  142576908
  534190807
 -197017801
  436254008
 -265889935
 -344623891
  191445956
 -406918755
  875818669
 -263791948
  -62750571
  343038860
   70373931
 -291727384
 -101598674
    9439995
 -300234967
   36206009
 -235771186
  514315631
 -325345189
 -129573089
  -89451540
  -36796528
  183409806
 -409346340
  325866437
   96224656
  445520866
   46774830
 -791634155
 -191419269
 -589812889
  239510318
  149997801
  250747900
  638362264
 -239195500
  456917528
 -210608923
 -211220051
  -49527428
  326034288
  130189766
 -198702725
  -59109497
  -66720802
  253633796
  -21988530
  -48082774
 -595118858
  416591987
  360908740
  -33126857
  276827780
  -47672333
  -20261682
  285733257
  -45888809
   22894437
   37733118
 -636351187
  300521214
 -376146296
 -395255690
   45378388
 -320763299
 -260299730
 -213687869
  -47486900
  -57977996
   -1119821
 -699813231
 -223111407
  -37844334
   39573226
 -310311040
  -51604054
  616732454
 -369446953
 -135120628
 -134270225
  -37714122
   65973132
 -246615609
 -395652404
 -695402519
   36409737
   70770836
  706447779
 -137418688
-1149369014
  359915939
 -115718146
 -196780712
  202019921
 -278268913
 -203163251
  451966558
  188071163
 -291027546
  250403276
  536760730
   71291534
  370037549
  -95663070
  -20420607
  102167923
  -18455918
  569994977
 -470817363
  -97595707
 -145818025
 -390579736
  -24355290
  291452343
 -171942333
  124607818
  178455028
 -479159670
   15976191
 -496887403
 -297432273
 -144063424
  217023175
 -737590474
 -247694456
  521466682
 -193267733
  774324270
  -97741690
 -379577179
 -744106277
 -682613234
  307456113
  -57460999
   73788547
  190292895
  186374334
  -89847681
 -326647662
 -526543888
 -292783543
  539569222
  -90641145
  181945500
  -33379100
 -302309345
  685262396
  -22056278
  425560702
  572207939
   22530215
  153859413
  224133583
    5421032
  415085933
  401871709
  -38293549
  -55922311
  126828107
  152126552
 -176942577
 -640644214
 -100366601
  561982995
 -182817386
  -84708657
 -644483898
 -169024730
 -164246261
  -34216027
 -522880795
 -625782314
  533382712
   21892820
  229602956
 -166009993
  453375272
  171958670
  -35416320
  184832699
   93613474
  198818390
 -161361540
  -27640969
 -470831213
  -92957609
 -763266302
 -448330210
  398900563
  115465871
  236357310
  139463611
  155598959
 -211425872
 -208019278
  194506286
  131495188
  172215136
  722430195
 -267943157
 -286998863
   33725021
  230811633
  702989650
 -678503260
 -162092728
  -73629976
 -468306215
   49187512
  320124495
  295113560
   14994021
   -8557247
  108580684
   20289639
 -209212125
   76032564
  416554916
  535558775
 -124482163
 -446523860
 -335210926
  739039289
  -26253116
 -248535670
 -446450179
  143382802
  762669734
  -53335764
 -204034070
 -373635165
  691044040
 -267946339
  509954200
  227240713
 -271645820
   59903187
  533326456
  718970435
  -73558319
  -78670810
  107220440
  568355116
 -124776368
   58790538
 -352598142
   -2159155
  308904118
  -98237114
  126289487
  368319469
  -65698030
 -109139017
  409888323
  105184265
 -432426197
 -879522228
 -464382521
 -177545755
 -489936724
 -225039665
  512680420
   43691354
 -121021461
  605881615
  676597875
  132052346
 -225066975
 -286307869
  -68712816
   28758668
 -561734420
   54296408
  730630821
 -485580625
   -9366403
  115721762
 -307533990
  -90360484
 -197377097
  -66796328
 -162120939
  300103348
  -30841997
  137026463
 -160934104
    9930187
 -174175361
 -144076931
 1090243289
  474149222
  152825292
  307004870
 -128385405
  156003864
   98101975
 -539384012
  640256955
  644354418
 -115131555
 -374629495
 -448070695
 -220786798
 -212276840
  613439415
   19432156
 -566564592
 -364107912
 -700046273
  -98382472
 -237148592
 -562572082
     100757
 -274020729
 -591182517
  294174626
  712018779
  637162241
   75166108
 -884854887
 -179381215
 1157177638
  433717366
 -840493521
 -142182593
 -249395399
 -102254284
 -177658662
 -368028569
 -243488002
  126490010
  109837156
 -474105031
  153016807
 -548400868
  179025805
 -216511095
 -133676088
  443409188
 -280300804
  226077376
  266050086
 -420568123
 -434759806
  222852175
  144509975
   71069292
 -481709612
  502448407
  -98243513
 -237301011
  216339426
 -160769114
  170712581
 -519554306
   69706383
  155427436
 -425688337
  265793485
  206024543
 -576263077
   75218809
  121551107
   28513516
 -263169943
 -146480164
   -1880710
  503366591
  624167989
 -191809963
  -76150631
 -247642253
   47433735
 -364886667
   14641931
  444089129
   62591824
  518662798
  395113098
  629464344
  709403605
 -278568390
  155077632
   26770780
  -64561385
 -304446811
    4163422
  238458511
 -267539808
 -156354097
 -591677063
  112476155
 -131940508
  -24674559
  231368234
  -78326141
  -93712996
 -268403809
 -890855232
   21999400
 -144403160
  123437940
  663866521
 -688963986
  -80842586
  375428656
    6596194
 -617619944
   74766994
 -204951674
   70291271
   62922044
 -463396111
  267356268
 -230028066
 -395816322
 -162458816
 -124524432
  217523101
   67762768
    2371291
 -245511759
  498285739
  276221884
 -361652110
  250729874
 -258175248
  299786734
 -150397639
  226882768
  342775596
 -223834855
 -289529101
   28124475
  -17735798
   74184633
  863997594
  258717856
  438296109
  -99475383
   78621841
  -54055946
   20410160
   54552616
 -458247851
  -69291107
  -47856169
  634412406
 -105068169
   18753579
  506954546
  318077368
   88185797
 -382391977
   48897225
 -484977039
   61759935
  575578519
 -627714785
 -361779340
  -64000316
  -38866835
   75010792
  -55121039
 -314761987
 -329805415
  464198625
  540129106
  -82097816
   17214398
  692718725
 -947404490
 -583367265
  167574517
  366338922
  473054656
   79769863
  314829482
 -457036228
  450614096
  162985836
 -402928881
 -799450595
   23258345
  298894064
 -842940931
  -11074066
  440782612
 -461668248
    -372263
  402372176
   -9453174
  757532540
  183362257
 -143305846
  377279573
   69373377
 -503845215
  155101566
  512618921
   90206662
  567513570
   37844935
 -653854259
  521984671
 -274499888
  -53933917
  582068132
  181943692
  333310659
 -286204692
  625567757
  423444049
  439950110
 -229659112
   19390626
  782685688
  277722380
  145931517
  150245506
 -306286612
 -656452998
  376434773
  -12749265
  -40974725
 -320897086
  218375975
  343173605
  128451036
 -539120220
 -327611017
 -294157719
 -442413418
  105532140
-1135363834
    5245393
 -481015194
   71288578
 -509793035
 -531134216
 -555994732
 -800646289
  391458302
   28492200
  282679700
 -424014511
  505976402
  205287404
 -352954611
 -884095517
 -165013245
 -517117373
 -712278323
 -124095630
 -141380781
  411923801
   86953215
  139507709
  125661939
  160782062
 -416351758
   29176760
 -211617640
  112029006
  416542044
   64026717
   78854531
  183531126
  163672184
  -36765805
 -504884548
  216623111
  290520809
-1017481876
 -384459761
 -146367137
 -303117674
 -913980670
  188728036
  -24641727
 -412012612
   -2844918
  586368919
  283323060
 -952257642
  568473930
  485524973
  355886276
 -239555010
 -396668176
 -134825034
  545111855
  612584745
 -314470234
 -154454257
  -73467661
   85456669
 -418286329
 -643472690
 -344308641
 -270068519
 -256160544
 -425435110
  -50454497
  369250829
   34158667
  355822034
  483679356
   99930796
   13808921
   -2449392
 -478861766
  163821367
 -111642482
  140811762
  343121350
  185310540
 -288349892
  -13468293
 -264196573
 -862007733
  517257417
 -153786659
  303198856
  337516513
  359184752
 -476977847
 -305924946
  461832407
 -153454892
 -797115801
  -37041265
 -267872236
-1075496935
  351551816
   15474958
  462332847
  107033680
  368632137
 -117088534
 -382197473
  445167356
 -238864868
  237540779
 -708835918
 -438938976
  529451073
  -80061449
 -233560959
  125646085
   60733423
  -17288482
  157507272
 -102447036
  302020818
  356707169
  775725597
   35135338
 -631226155
  266235604
   95791466
 -233159822
  284851649
 -470163662
  -58739343
  485949620
  572203718
  387422659
 -231929463
  925123527
   -1775118
  121051194
  208812470
 -186783041
 -320522803
  -47082276
  527050622
  303197033
 -141788646
 -225022691
  414749249
  269848747
  827993644
 -176510072
 -537446050
 -462126178
 -448196082
  772525056
  250594646
 -100362354
 -427967065
  164062968
 -354463275
 -385563010
  870534435
  452820462
 -133647581
 -280361870
  318683628
    1738927
  186891490
  636912480
  826037729
 -284990468
   -2256928
  151095780
 -124159636
  620646631
  262409422
 -343971405
  150233878
  447881078
 -549658386
  101014740
 -252993252
  231326720
  482213794
   39048613
  -62822825
  -96233025
  467414128
 -696829108
 -400488779
   84519018
 -428936515
 -261865590
 -331449345
  499250119
 -150187140
 -329802081
  579649079
  167539136
 -259705361
 -284515356
  541359766
  288950592
 -453122310
 -130562234
  230138282
 -150360877
  581010539
  145390389
 -133216554
  185487708
 -174758269
  324112918
 -393798215
   20189665
  485153876
 -100562643
   21866888
 -244582472
 -526953878
  138365814
 -315439612
  406637324
  577141848
 -608874128
  861023037
  400971170
  480391123
  324474390
  117193093
  837221841
 -529535719
   68467478
 -376811760
 -904108009
  475441331
   81599203
 -217912897
   69209174
  -99153741
   12110925
  467749707
 -289677955
  -12679231
  174674473
 -367245005
  181524296
    -139336
  329543442
 -193081694
 -722441939
 -855482094
  152506767
 -231631634
 -488496130
  540334203
  218447324
  324970191
 -137532956
  426887690
  412870405
  272413689
 -121383984
 -623481114
 -201429821
  -12937863
 -329591261
 -589127811
   -9891179
 -313851400
 -511318584
  265018926
  204603660
 -419933451
  352033659
  145278378
 -716301889
 -539477622
 -154371468
  452329346
   63593863
   43734129
 -650799481
   22532386
   58754006
 -338995880
   15906804
 -557651880
  387770521
   65743296
 -265600440
  -95314995
  534170963
 -519054886
   56224796
  276740589
  123829514
  455938582
 -615911566
  169127344
  164477129
  686168395
  465925020
  309060013
  262222794
 -148484001
   23387353
  515352670
  161769015
  474020157
 -161126312
  342556907
  668063012
 -385292707
   49402080
  -22038438
  898305526
  -21787290
  395880802
  270949968
  -71466296
 -105006191
 -718344483
  207362315
 -444319374
 -131244882
  -54366214
  -75575906
  -65949781
 -191390925
  495160146
 -234713679
    6982870
  126913334
 -268167458
 -590707242
 -269283737
   97763806
 -205487018
 -293097949
  156362792
  356329182
 -259605973
  177868878
  -57376546
 -416405640
 -840587752
  261202185
  334759922
 -487117506
 -336409427
   67490339
   18370668
   24325565
  778487508
   69285729
  464339295
  -59438137
   87107410
  193509185
  157909960
  512750740
  108560163
 -338359447
 -747172237
 -108480307
 -145518697
  505673673
  103448437
 -383603816
 -120781805
 -205095434
  528915472
  228536764
  262495087
  526310822
 -461758428
  423066847
  590272467
 -367331268
  -65695945
   54595707
  487225772
  336635751
   36311296
  248563331
  -94216296
 -123995759
  350297108
  315245759
  373272906
  385924367
 -279079603
  354979539
  651908238
   14148613
  -53124009
 -510882244
   19787659
 -214022289
 -188737638
   18385630
  501259328
  399409311
 -439376264
  -66486109
 -326998029
 -259613102
 -307695216
  181352387
  153088280
 -603016293
   56862105
  258550637
  262525719
  359884547
   50591975
   70094337
 -180423629
 -265388541
 -191959894
  497057080
  317031894
 -223451697
  162299200
  483979631
  184765915
   38658974
   95200791
  301918293
 -278317261
   58141724
 -383190074
 -105141021
  174912053
 -797676271
  707514620
 -257177343
  467860564
  161781333
  341530481
  248023679
 -545731286
 -479133796
 -249734514
  -62757707
-1325695017
  -71998583
 -545662709
 -241328924
 -671694241
 -415050139
   66408976
  -74818889
   35283974
  -62477746
  340594649
  246051309
  -20734926
  -98599666
  139354504
   65956922
  727760937
 -728754807
 -174183628
 -664524084
 -562872100
  398043158
 -410508740
  688767023
  185253343
    8637916
 -188916051
  284386968
    6242901
 -356293248
  388824661
  261744825
 -234576026
  -56434993
  353300528
 -183422779
 -203686658
   22251585
  486628987
 -389827674
  -33429914
  468379271
  472585685
  276154277
 -475695863
  358591622
  -37577080
 -390238874
  193589244
  -62232309
 -438888455
  371014766
  204217809
 -126286819
 -493710242
 -297167368
  258398229
 -267811356
 -185768045
  272816168
  480138601
  277614975
  -21663869
  177500858
 -241276319
 -900663530
  503857970
  311288328
  -18693028
  329123998
  685008199
  154241748
   81807963
  343500657
  -28986641
  711083196
  149829064
  149407469
 -192990148
 -312717508
 -576692517
 -276868471
 -133695737
  -57955043
  243120262
 -260237909
  330057379
 -298284556
  313841572
  -58029577
 -112747071
   45416807
 -730492644
  612516667
  328753522
  -82763205
 -138914646
  110404821
   61585153
   30921484
   67067964
 -130834630
      48281
  338052947
  228783463
 -325467890
  -18565175
  395158043
 -311754546
 -666795372
 -111830193
 -761734869
 -190339836
 -126478868
 -286730262
 -188992857
  343941220
  -79570897
 -311137277
  275499679
 -111038291
  470067220
  -28842744
  -10489446
 -106453598
  456343751
  275682378
 -288334045
  279770303
 -445440037
  -51736886
 -171496121
 -161504706
  247794812
 -435828347
 -255327664
  397301751
  182882912
 -304551731
  -39791719
 -220792825
 -386942554
 -182375186
 -262915033
 -540104362
 -317752889
  163553756
  516020223
 -206355401
 -353619611
 -180707328
 -194367966
  369861620
 -301509151
  -22288703
  141061185
  503209785
  312847418
  305890462
   92804173
 -724000892
 1144908682
  378414270
 -293249989
  479877238
  468649597
  714718262
  556524913
   75052181
  -99779423
  606155583
 -556187004
 -272722192
  313109358
  596223457
  459997739
 -163895023
  935089957
  -79947102
  -77998536
 -326398188
 -129803045
  269558252
 -152315150
 -284114623
 -975814061
  206513681
  389647984
  235586889
    7552815
 -181338147
 -512095841
   86257596
  -30721638
 -776496254
 -121970676
  177785296
  434325497
  624608483
  355651996
   76435454
 -309696644
 -394457559
  414124628
  -38176903
  474582960
  278635562
 -138314465
 -294168269
 -216899399
  139372430
 -315856539
 -217040451
 -122729654
   33058643
  126438091
  423038736
   36669988
 -401776268
 -394771347
 -573520879
 -213959595
  144755945
  327219561
 -256094795
  109319789
  269133179
  -42984583
  200571142
  -35954848
  803093745
 -635254637
 -401667320
 -270612667
 -119253653
  577153905
 -413317283
  665336246
 -147891235
  -63556766
 -397796136
 -560020719
  497038706
  -25769037
   23004142
 -437724868
    4383960
 -169846869
 -214982761
  404208243
 -122243643
 -181624054
 -221420572
  175191871
  312050987
 -204438111
  454498349
  593873551
  -19954496
  438321447
  218032130
 -275388138
  191580678
  368918367
  301437986
  450051593
   75789583
  476757347
  -41712536
 -584740430
 -132973804
  446951213
  332604026
 -360133606
  179542485
   97774198
 -339961093
  -23852627
  371389222
  469139521
 1106630617
   88767269
    8574474
  443329954
 -105655783
  -43324800
 -443322124
 -119766832
  433774397
  347408113
  587978117
  144856173
 -144548486
 -190218340
 -674577055
  157357295
  518017378
  163036164
 -492422985
   45250322
 -760172949
  -53397485
  568925938
 -284152147
  213347771
 -486379936
  562180521
 -151726581
 -193185901
  327583622
  293382947
  838524685
 -111325957
 -527922437
 -197316390
 -350340416
 -239726209
  298690555
 -114702262
 -148796671
 -245838321
 -770934540
 -930296513
 -208095088
 -406678203
  544431830
  417434391
 -177151112
 -187896061
 -278822364
  394372041
 -128635576
  -57111328
 -541156598
 -102971929
  386612165
  526072186
  591397348
  -45803264
   16571207
   51848362
 -123255370
  339642882
  -78389424
    2486099
    -231696
  646696212
  126771114
 -443345353
 -176897459
 -477516978
  811918123
 -198645850
   61607548
 -365891432
   32029146
 -376152579
 -122274126
 1367673571
   52310307
 -488487063
 -694700722
 -240876664
 -261442909
  250408900
 -387539219
 -155763219
  352721144
  146308564
  -63945739
  108050515
  -85695632
  140129718
  642376383
 -259997807
  -69233207
 -257937203
 -101166573
 -173536103
 -158101338
   -1625065
 -418960575
 -450423718
 -502698228
 -230038613
  -39960936
 -382343497
 -361231915
  326099155
   59831221
 -967042094
 -584715021
   32520122
  158847756
 -337029679
   31120999
  708596178
  351209670
  383149661
 -527730733
 -605185784
  -21486740
  311701592
  584017147
  215400979
  -48542122
 -837312121
 -450146963
 -153920342
 1003828895
  664859374
 -528501003
  507454989
 -492917915
 -348058695
 -841483147
 -118922276
  684155800
 -591564179
    1455891
  405956749
  495551561
 -559394700
 -310518211
  151304496
 -392292134
   18859179
 -280027735
  -89072876
 -183816610
   52806345
 -170429902
 -173234151
  141925631
  -27042354
  391699860
 -326200602
  106553939
 -530251799
   83878278
 -168081978
 -244118401
  240356840
 -323972505
 -171620147
 -846750629
  911890412
 -289121561
 -142231402
  393647412
 -678324853
 -525320766
 -649829841
 -185987125
  412243296
  893079261
  148328602
 -217271361
 -391745425
 -141303755
   73521111
  320212700
  322124421
  330715206
  -74252796
  238764488
  232132000
 -601013907
 -421623401
  198616540
  397099318
  160981463
 -297447471
 -182866264
  -10164358
 -377794681
  332365559
  324048906
  605741765
  421019963
  380901129
  115502776
 -136202997
   56059646
  -68563286
 -264894288
  -44946276
   20669099
 -296086063
  154635599
  -98055914
  366022853
 -515447006
 -204249071
  102429568
 -569698559
  419504616
  545310774
  231271658
 -331175036
  508865678
  584335415
  424604992
  518729609
 -349747277
   28111069
 -559717496
 -520390549
 -211213514
 -155893758
  287623759
  115853481
  281567251
  -86026240
 -215454430
  -94589730
 -292566790
  -74213703
  172553270
   34406046
 -296006055
  210855962
  373857722
 -347874978
  531418485
  320762075
  252957672
   75746630
 -155826963
  405722657
 -222089857
 -615460899
   -8127731
   19251146
 -259049124
 -388020088
 -841120273
 -226119146
  -22151659
  437692519
   38910658
   54737811
  132324456
  230578358
  580899331
  235327182
  255249979
  -51694168
  247456283
   64883058
 -189681446
  136543520
  206244757
  237391981
  383775572
  427058257
  441751279
  131139159
  -60123293
 -162061450
 -269491894
 -557552103
 -259439321
  802452602
 -209767271
 -143838346
   20383279
   -9481420
  353600356
 -619436496
  339614758
 -248618556
    2187417
  -80026956
 -913603087
  264316774
 -492447706
  439032759
  209807269
 -905092914
 -161929227
 -181785814
  175733806
   75844534
  130833752
   94802078
  -27759680
   94511007
  341907402
  145302126
 -311325966
 -210416055
 -332227705
 -438647090
   69671783
  187461622
 -254605295
  142425033
  146391206
  -51009770
 -197490820
 -255599382
 -263283206
  254793614
  -73672530
 -182818274
  309864422
 -340419194
  -73059066
  194365168
  503588073
  605958684
  887591256
  271409204
 -391283941
  621987402
  405651070
 -192566466
 -488295140
 -879904303
  -18502672
 -176703483
 -552395335
  115497833
 -357035219
  119593302
  137305113
   31607371
 -233808820
 -269741517
 -426853734
 -398411489
  220380270
 -145475819
  527108504
  717091378
  -36878606
   88319777
 1023620680
