0.0
0.0
0.0
0.0
0.0
0.0
0.0
0.0
0.0
2.58586573e-07
-1.638422469e-06
2.088172469e-06
1.424038081e-06
7.37667181e-07
3.99675639e-07
2.62582369e-07
2.11388742e-07
1.91971484e-07
1.82963405e-07
1.76300411e-07
1.69365023e-07
1.61083762e-07
1.51328107e-07
1.39894166e-07
1.26950572e-07
1.12424552e-07
9.6545827e-08
7.9277151e-08
6.088725e-08
4.1370318e-08
2.102465e-08
-1.35718e-10
-2.1786827e-08
-4.3890641e-08
-6.6109219e-08
-8.8388702e-08
-1.10378092e-07
-1.32010662e-07
-1.52933366e-07
-1.73087969e-07
-1.92106964e-07
-2.09948098e-07
-2.26266764e-07
-2.41020936e-07
-2.53881544e-07
-2.64842435e-07
-2.73600111e-07
-2.8016881e-07
-2.84277314e-07
-2.85973674e-07
-2.85047554e-07
-2.81584091e-07
-2.75399247e-07
-2.66637037e-07
-2.55166984e-07
-2.41169341e-07
-2.2456143e-07
-2.05583523e-07
-1.84210894e-07
-1.60722311e-07
-1.35138106e-07
-1.07785401e-07
-7.8727573e-08
-4.8338224e-08
-1.6715264e-08
1.5726634e-08
4.8852161e-08
8.2274454e-08
1.15676008e-07
1.491034e-07
1.81062231e-07
2.14214887e-07
2.42075519e-07
2.75052446e-07
2.97609153e-07
3.26299627e-07
3.48278081e-07
3.66022539e-07
3.8619357e-07
3.9990004e-07
4.08425951e-07
4.17317895e-07
4.22567241e-07
4.20776064e-07
4.16064367e-07
4.10093011e-07
3.99662686e-07
3.8300329e-07
3.62775552e-07
3.40798202e-07
3.15947178e-07
2.86170482e-07
2.51993649e-07
2.15239689e-07
1.77241874e-07
1.37339507e-07
9.468249e-08
4.904372e-08
1.645691e-09
-4.6303046e-08
-9.3879813e-08
-1.41229894e-07
-1.88481161e-07
-2.35822878e-07
-2.82613921e-07
-3.28176082e-07
-3.71445925e-07
-4.11863193e-07
-4.48838523e-07
-4.82320494e-07
-5.12013732e-07
-5.37920273e-07
-5.59672561e-07
-5.7712941e-07
-5.89825861e-07
-5.97622797e-07
-6.00128416e-07
-5.97329599e-07
-5.88969993e-07
-5.75166942e-07
-5.55805806e-07
-5.31115516e-07
-5.01067053e-07
-4.65984659e-07
-4.25947962e-07
-3.81373894e-07
-3.32411533e-07
-2.79569114e-07
-2.231072e-07
-1.63574081e-07
-1.01401431e-07
-3.6994095e-08
2.8737234e-08
9.605233e-08
1.62868498e-07
2.3094499e-07
2.96463627e-07
3.62485578e-07
4.25070893e-07
4.85573754e-07
5.43506557e-07
5.96345632e-07
6.4599658e-07
6.90637927e-07
7.29136405e-07
7.62679876e-07
7.90088252e-07
8.10020474e-07
8.23766515e-07
8.30665365e-07
8.29546776e-07
8.20958891e-07
8.05606592e-07
7.823497e-07
7.51202705e-07
7.13075417e-07
6.68325322e-07
6.16235921e-07
5.57400649e-07
4.9280632e-07
4.23003308e-07
3.47701773e-07
2.67635611e-07
1.83874358e-07
9.7386524e-08
8.231633e-09
-8.2921544e-08
-1.75098627e-07
-2.6695465e-07
-3.57986746e-07
-4.47603611e-07
-5.35194284e-07
-6.19444895e-07
-6.99458709e-07
-7.74418308e-07
-8.44028702e-07
-9.0751594e-07
-9.64133965e-07
-1.012847485e-06
-1.05324091e-06
-1.084860705e-06
-1.107612797e-06
-1.120962486e-06
-1.124586546e-06
-1.117966029e-06
-1.101142463e-06
-1.074088612e-06
-1.037178604e-06
-9.90436082e-07
-9.34146694e-07
-8.68360075e-07
-7.93564134e-07
-7.10238043e-07
-6.1909176e-07
-5.21042768e-07
-4.16549089e-07
-3.06958292e-07
-1.92159054e-07
-7.4237498e-08
4.7209235e-08
1.69755414e-07
2.93211045e-07
4.16143059e-07
5.36888545e-07
6.55433341e-07
7.69600618e-07
8.78949253e-07
9.82613261e-07
1.078956295e-06
1.167430164e-06
1.247319792e-06
1.316948939e-06
1.376201799e-06
1.424292333e-06
1.460175576e-06
1.483552928e-06
1.494430538e-06
1.491817736e-06
1.475796315e-06
1.446550783e-06
1.403957118e-06
1.347787675e-06
1.278888956e-06
1.197550491e-06
1.104061104e-06
9.98982089e-07
8.83561489e-07
7.58335928e-07
6.24158229e-07
4.82102827e-07
3.33725588e-07
1.79885048e-07
2.1820134e-08
-1.39105629e-07
-3.01134481e-07
-4.63154922e-07
-6.2375329e-07
-7.81510428e-07
-9.34606503e-07
-1.08182045e-06
-1.221798931e-06
-1.35331665e-06
-1.474705301e-06
-1.584832294e-06
-1.682529732e-06
-1.766985137e-06
-1.836985051e-06
-1.891681766e-06
-1.93020718e-06
-1.952268356e-06
-1.957306186e-06
-1.945052164e-06
-1.915079069e-06
-1.867542959e-06
-1.802616913e-06
-1.720713249e-06
-1.622237216e-06
-1.50757616e-06
-1.37776874e-06
-1.233415808e-06
-1.076210181e-06
-9.06682083e-07
-7.267079e-07
-5.37181415e-07
-3.39885669e-07
-1.36748105e-07
7.1011592e-08
2.80942074e-07
4.91905445e-07
7.01761477e-07
9.0850351e-07
1.110453136e-06
1.305521807e-06
1.491713504e-06
1.667774533e-06
1.831514044e-06
1.981515763e-06
2.116264319e-06
2.234110812e-06
2.333645482e-06
2.414147615e-06
2.474208226e-06
2.51317828e-06
2.530480028e-06
2.525555557e-06
2.497803855e-06
2.447533272e-06
2.374647708e-06
2.279447326e-06
2.162487912e-06
2.024778658e-06
1.866831099e-06
1.689890929e-06
1.495255745e-06
1.284489773e-06
1.058911083e-06
8.2061928e-07
5.7154095e-07
3.13776016e-07
4.9243325e-08
-2.19500616e-07
-4.90236923e-07
-7.60596095e-07
-1.028366708e-06
-1.290824906e-06
-1.545672536e-06
-1.790482484e-06
-2.023106107e-06
-2.240995181e-06
-2.442096709e-06
-2.624342114e-06
-2.786043926e-06
-2.925198579e-06
-3.040341105e-06
-3.13003212e-06
-3.193316249e-06
-3.229071248e-06
-3.236580544e-06
-3.215357803e-06
-3.165232542e-06
-3.08634807e-06
-2.978709866e-06
-2.843099474e-06
-2.680065893e-06
-2.491058912e-06
-2.27710843e-06
-2.039786377e-06
-1.78097195e-06
-1.502410366e-06
-1.206823292e-06
-8.9605118e-07
-5.72967317e-07
-2.40122106e-07
9.9639039e-08
4.43240105e-07
7.8772661e-07
1.130281963e-06
1.467467841e-06
1.796547594e-06
2.114192119e-06
2.417455833e-06
2.703537201e-06
2.969736814e-06
3.213107788e-06
3.431476911e-06
3.622265751e-06
3.783499794e-06
3.913389418e-06
4.010423782e-06
4.072971611e-06
4.100291494e-06
4.091461616e-06
4.046114034e-06
3.964123419e-06
3.845948173e-06
3.69177491e-06
3.50265815e-06
3.279745379e-06
3.024643242e-06
2.738989869e-06
2.42520709e-06
2.085510878e-06
1.7225756e-06
1.339192102e-06
9.38757517e-07
5.24394529e-07
9.9708089e-08
-3.31723516e-07
-7.65977499e-07
-1.199518274e-06
-1.62833125e-06
-2.048580684e-06
-2.456242753e-06
-2.847743978e-06
-3.219203167e-06
-3.567132241e-06
-3.888000885e-06
-4.178829469e-06
-4.436459632e-06
-4.658149427e-06
-4.841379792e-06
-4.984097155e-06
-5.08448623e-06
-5.140945089e-06
-5.152545357e-06
-5.118497551e-06
-5.038628528e-06
-4.912840125e-06
-4.741646857e-06
-4.526109489e-06
-4.267337394e-06
-3.967354441e-06
-3.627861354e-06
-3.251764486e-06
-2.841714877e-06
-2.400980769e-06
-1.933023169e-06
-1.441614399e-06
-9.30783283e-07
-4.05038883e-07
1.31497453e-07
6.73907497e-07
1.217611974e-06
1.757660377e-06
2.289236809e-06
2.807463379e-06
3.307777497e-06
3.78515804e-06
4.235302005e-06
4.653725623e-06
5.036367999e-06
5.379299497e-06
5.679102729e-06
5.932237469e-06
6.136101825e-06
6.288122674e-06
6.386347477e-06
6.429053408e-06
6.415343595e-06
6.344327442e-06
6.21611403e-06
6.031038205e-06
5.790057996e-06
5.494363745e-06
5.146129597e-06
4.747601924e-06
4.301770476e-06
3.811897835e-06
3.281932223e-06
2.715807539e-06
2.118257355e-06
1.494125363e-06
8.48755314e-07
1.87378018e-07
-4.84136913e-07
-1.16008328e-06
-1.834421558e-06
-2.50128087e-06
-3.154392815e-06
-3.787951202e-06
-4.396019402e-06
-4.972973533e-06
-5.513128543e-06
-6.011279175e-06
-6.462472676e-06
-6.862061134e-06
-7.205845072e-06
-7.49005162e-06
-7.711493335e-06
-7.867302398e-06
-7.955179217e-06
-7.973626393e-06
-7.921447835e-06
-7.798446722e-06
-7.604471812e-06
-7.34070714e-06
-7.008351748e-06
-6.609610933e-06
-6.147073385e-06
-5.624111131e-06
-5.04460373e-06
-4.413090229e-06
-3.734259393e-06
-3.013832627e-06
-2.257438959e-06
-1.471518436e-06
-6.62555475e-07
1.62475652e-07
9.96520811e-07
1.832072644e-06
2.662025988e-06
3.478732574e-06
4.27491791e-06
5.043130321e-06
5.776276359e-06
6.467279022e-06
7.109705034e-06
7.69694986e-06
8.223300596e-06
8.683239744e-06
9.071982582e-06
9.384996653e-06
9.618768367e-06
9.769997996e-06
9.836479349e-06
9.816487277e-06
9.709217273e-06
9.514331705e-06
9.232714474e-06
8.865634718e-06
8.415394499e-06
7.884849059e-06
7.27785471e-06
6.598618375e-06
5.852484654e-06
5.045152518e-06
4.18313236e-06
3.273202248e-06
2.32306933e-06
1.340537625e-06
3.34039949e-07
-6.87921998e-07
-1.716294731e-06
-2.742214876e-06
-3.756440821e-06
-4.749843661e-06
-5.713300829e-06
-6.637988968e-06
-7.515198058e-06
-8.336509059e-06
-9.093948549e-06
-9.780055346e-06
-1.0387786618e-05
-1.0910883714e-05
-1.134353349e-05
-1.1681039091e-05
-1.191891079e-05
-1.205407835e-05
-1.2083878566e-05
-1.2006993304e-05
-1.1822619327e-05
-1.1531143228e-05
-1.1133813222e-05
-1.0632957238e-05
-1.0031566842e-05
-9.333999855e-06
-8.545054101e-06
-7.670838869e-06
-6.717853519e-06
-5.693708065e-06
-4.6065771e-06
-3.465487588e-06
-2.279682679e-06
-1.059366088e-06
1.85255227e-07
1.443268294e-06
2.703798168e-06
3.955587357e-06
5.187547961e-06
6.388279102e-06
7.547016544e-06
8.652788917e-06
9.695292891e-06
1.066436358e-05
1.1550650814e-05
1.2345110236e-05
1.303981502e-05
1.3627200225e-05
1.4100875313e-05
1.4455195238e-05
1.4685731983e-05
1.4788721906e-05
1.4761892563e-05
1.4603777888e-05
1.4314332468e-05
1.3894438503e-05
1.334641352e-05
1.2673346728e-05
1.1879898525e-05
1.0971543264e-05
9.955063017e-06
8.838008887e-06
7.629291113e-06
6.3383718e-06
4.975836984e-06
3.552798864e-06
2.081280612e-06
5.73593131e-07
-9.5722474e-07
-2.497869694e-06
-4.034778298e-06
-5.554361061e-06
-7.042848917e-06
-8.486705225e-06
-9.87254383e-06
-1.1187508759e-05
-1.2418911147e-05
-1.3555057618e-05
-1.4584498224e-05
-1.5497052746e-05
-1.6282968124e-05
-1.6934018637e-05
-1.744267902e-05
-1.7802828084e-05
-1.8009391589e-05
-1.8058839861e-05
-1.7948747887e-05
-1.7678336449e-05
-1.7247856722e-05
-1.6659491305e-05
-1.5916354969e-05
-1.5023330097e-05
-1.3986457657e-05
-1.2813369249e-05
-1.1512676936e-05
-1.0094554201e-05
-8.569977051e-06
-6.951435364e-06
-5.251992288e-06
-3.485846101e-06
-1.667747988e-06
1.86628118e-07
2.0615005e-06
3.940262878e-06
5.806491206e-06
7.643310639e-06
9.434245313e-06
1.1162756852e-05
1.2812944306e-05
1.4369027171e-05
1.5816279258e-05
1.7140461202e-05
1.8328497975e-05
1.9368111939e-05
2.0248482145e-05
2.0959724149e-05
2.1493717075e-05
2.1843487293e-05
2.20038539e-05
2.1971024566e-05
2.1743214989e-05
2.131991225e-05
2.0702693395e-05
1.9894615235e-05
1.8900723048e-05
1.772747451e-05
1.6383319028e-05
1.4877966534e-05
1.3222971578e-05
1.1431147986e-05
9.516850553e-06
7.495469981e-06
5.383749977e-06
3.19931517e-06
9.60698152e-07
-1.313022423e-06
-3.601977733e-06
-5.886199315e-06
-8.145250365e-06
-1.0358970991e-05
-1.2506969139e-05
-1.4569715678e-05
-1.6527693911e-05
-1.8362494674e-05
-2.0056225038e-05
-2.1592380504e-05
-2.2955350897e-05
-2.4131087426e-05
-2.5106842543e-05
-2.5871777715e-05
-2.6416418526e-05
-2.6733544506e-05
-2.6817430446e-05
-2.6664758737e-05
-2.6273894948e-05
-2.5645615669e-05
-2.478258056e-05
-2.3689790439e-05
-2.2373974097e-05
-2.0844368224e-05
-1.9111826331e-05
-1.7189421794e-05
-1.5091767141e-05
-1.2835514572e-05
-1.0438616287e-05
-7.920833346e-06
-5.302794671e-06
-2.606728907e-06
1.44572192e-07
2.92728745e-06
5.717290539e-06
8.489768527e-06
1.1220129308e-05
1.3883534976e-05
1.6455747338e-05
1.8912751728e-05
2.123152771e-05
2.3389754432e-05
2.5366591067e-05
2.7142177904e-05
2.8698541097e-05
3.0019155735e-05
3.1089636965e-05
3.1897332509e-05
3.2432142293e-05
3.2685889245e-05
3.2653122215e-05
3.2330580781e-05
3.1717754769e-05
3.0816422226e-05
2.9631310613e-05
2.8169376201e-05
2.6440318726e-05
2.4456152174e-05
2.2231474991e-05
1.9782991499e-05
1.7129784376e-05
1.4292790794e-05
1.1295020989e-05
8.160942667e-06
4.916845992e-06
1.589912756e-06
-1.791214897e-06
-5.197428257e-06
-8.598644578e-06
-1.1964963108e-05
-1.5265965048e-05
-1.8471763538e-05
-2.1552707347e-05
-2.4480143385e-05
-2.7226144075e-05
-2.9764341761e-05
-3.2069595934e-05
-3.4118862723e-05
-3.5890653806e-05
-3.7366133045e-05
-3.8528449174e-05
-3.9363625689e-05
-3.9860129437e-05
-4.0009583606e-05
-3.9806282389e-05
-3.924787206e-05
-3.8334723933e-05
-3.7070763158e-05
-3.5462709673e-05
-3.3520691152e-05
-3.1257646267e-05
-2.8689848419e-05
-2.5836028036e-05
-2.2718113856e-05
-1.9360247758e-05
-1.5789336723e-05
-1.2034173126e-05
-8.125829234e-06
-4.096867361e-06
1.8391442e-08
4.18481844e-06
8.366061113e-06
1.2525415631e-05
1.6625681346e-05
2.0630018725e-05
2.4501635499e-05
2.8204783347e-05
3.1704441074e-05
3.4967259135e-05
3.7961254248e-05
4.0656705193e-05
4.3025833227e-05
4.504376235e-05
4.6688032516e-05
4.7939483828e-05
4.8781954564e-05
4.9202950524e-05
4.9193215681e-05
4.8747499652e-05
4.7864051181e-05
4.6545155111e-05
4.4796820637e-05
4.2629090753e-05
4.0055588776e-05
3.7093983729e-05
3.3765318146e-05
3.0094406668e-05
2.6109061151e-05
2.1840643097e-05
1.7322983284e-05
1.2592934059e-05
7.689311013e-06
2.653372589e-06
-2.472303686e-06
-7.643438584e-06
-1.2815083221e-05
-1.7941479953e-05
-2.2976885516e-05
-2.7875423404e-05
-3.2592220178e-05
-3.7083023942e-05
-4.1305345319e-05
-4.5218100232e-05
-4.8782805897e-05
-5.1963160875e-05
-5.4726017333e-05
-5.7041210359e-05
-5.8882416919e-05
-6.0226765816e-05
-6.1055810815e-05
-6.1355018413e-05
-6.1114655272e-05
-6.0329258883e-05
-5.8998404288e-05
-5.7126117446e-05
-5.4721620016e-05
-5.1798467944e-05
-4.8375385154e-05
-4.4475420453e-05
-4.0126375222e-05
-3.5360107372e-05
-3.0212875838e-05
-2.4724479085e-05
-1.893855233e-05
-1.2901655287e-05
-6.663494852e-06
-2.75972257e-07
6.206699482e-06
1.2728989207e-05
1.9233869636e-05
2.5664022398e-05
3.1961657708e-05
3.8069554545e-05
4.393099634e-05
4.9490959953e-05
5.4695897438e-05
5.9494870529e-05
6.3839425925e-05
6.768464287e-05
7.0989019941e-05
7.37153891e-05
7.5830731018e-05
7.7307152318e-05
7.8121655382e-05
7.8256802492e-05
7.7700606731e-05
7.6447141452e-05
7.4496082001e-05
7.1853492382e-05
6.8531167381e-05
6.4547305374e-05
5.9925735401e-05
5.4696578548e-05
4.8895236874e-05
4.2562996304e-05
3.5746037241e-05
2.8495786213e-05
2.086787345e-05
1.2922402673e-05
4.722936445e-06
-3.663495389e-06
-1.2167460088e-05
-2.0716961097e-05
-2.9238823087e-05
-3.7658442477e-05
-4.5901176633e-05
-5.3892256473e-05
-6.1558064063e-05
-6.8826099943e-05
-7.5626235121e-05
-8.1890773106e-05
-8.7555584554e-05
-9.2559984955e-05
-9.6848108319e-05
-0.000100368671779
-0.000103076098923
-0.00010493031095
-0.000105897875751
-0.000105951578246
-0.000105071526064
-0.000103244617605
-0.000100465454758
-9.6735884642e-05
-9.2065542591e-05
-8.6471422364e-05
-7.9978395154e-05
-7.2618461704e-05
-6.4431180025e-05
-5.5462911052e-05
-4.5767030895e-05
-3.5403007238e-05
-2.4436628268e-05
-1.293891143e-05
-9.86227629e-07
1.1340922295e-05
2.3957858353e-05
3.67769475e-05
4.9707673941e-05
6.2658007662e-05
7.553441569e-05
8.8243239978e-05
0.000100690918086
0.00011278521646
0.000124435410144
0.00013555365169
0.000146055126197
0.000155859245393
0.000164889847088
0.000173076317907
0.000180353734559
0.000186663991982
0.00019195555556
0.000196184780887
0.000199315563568
0.000201320348953
0.000202179708116
0.000201883338302
0.000200429399798
0.00019782533158
0.000194087192898
0.000189240201946
0.000183317990559
0.000176363002309
0.000168425593782
0.000159564259533
0.000149844551489
0.000139339394647
0.000128127656705
0.000116294366256
0.000103929375974
9.1127239497e-05
7.7985872163e-05
6.4606395701e-05
5.1091727325e-05
3.7546357669e-05
2.4074852241e-05
1.0781726515e-05
-2.230209428e-06
-1.485990311e-05
-2.7009616449e-05
-3.8585073976e-05
-4.9496980063e-05
-5.9660934057e-05
-6.8998942933e-05
-7.7439495571e-05
-8.4918640308e-05
-9.1380077036e-05
-9.6776139579e-05
-0.000101067734742
-0.000104225248553
-0.000106228203925
-0.000107066055815
-0.000106737819187
-0.000105252616775
-0.000102629015778
-9.8895612081e-05
-9.4090141252e-05
-8.8259804984e-05
-8.1460324391e-05
-7.3756132676e-05
-6.5219189792e-05
-5.5929044356e-05
-4.5971563369e-05
-3.5438858047e-05
-2.4427932949e-05
-1.3040390453e-05
-1.381070836e-06
1.0442247106e-05
2.232039161e-05
3.4143141593e-05
4.5800635518e-05
5.7183870965e-05
6.818622019e-05
7.8703650308e-05
8.863641125e-05
9.788911271e-05
0.000106372354609
0.000114002777779
0.000120704491256
0.000126409132473
0.000131057219362
0.000134597890191
0.000136990124527
0.000138202591895
0.000138214500352
0.000137015214694
0.000134605070818
0.000130994777045
0.000126206073491
0.000120270833923
0.000113231682017
0.000105140861584
9.6060563633e-05
8.6061871565e-05
7.5224686006e-05
6.3636538222e-05
5.1392540032e-05
3.8593909794e-05
2.5347803073e-05
1.176571182e-05
-2.036671947e-06
-1.594128431e-05
-2.9827905858e-05
-4.357590587e-05
-5.7064602652e-05
-7.0175003323e-05
-8.2790154759e-05
-9.4796792001e-05
-0.000106085894357
-0.000116554001028
-0.00012610376996
-0.000134645379693
-0.000142096735353
-0.000148384829586
-0.000153445933342
-0.000157226744523
-0.000159684331514
-0.000160787184828
-0.000160514937386
-0.000158859323672
-0.000155823637247
-0.000151423382108
-0.000145685694632
-0.000138649829397
-0.000130366174626
-0.000120896564446
-0.000110313271967
-9.8698993905e-05
-8.6145657191e-05
-7.2754276626e-05
-5.8633562008e-05
-4.3899624346e-05
-2.8674428273e-05
-1.3085360115e-05
2.736357473e-06
1.8656213648e-05
3.4538255338e-05
5.0245371523e-05
6.5641340471e-05
8.0591271543e-05
9.4963428642e-05
0.000108629732593
0.000121467567371
0.000133360176143
0.000144198436872
0.000153881131982
0.000162316554428
0.000169422788558
0.000175128990699
0.000179375491029
0.000182115155468
0.000183313052279
0.000182947607599
0.000181010155733
0.000177505878347
0.000172453112649
0.000165883876862
0.000157843257587
0.000148389604986
0.000137593476266
0.000125537856642
0.000112316756999
9.803528679e-05
8.2808053083e-05
6.6759040765e-05
5.0019771755e-05
3.2729009508e-05
1.5030991794e-05
-2.925235521e-06
-2.09876155e-05
-3.9001815712e-05
-5.6812977858e-05
-7.4266720284e-05
-9.12107954e-05
-0.000107495961271
-0.000122977875563
-0.000137517727142
-0.000150984068135
-0.000163253488976
-0.000174212230815
-0.000183756608632
-0.000191794712681
-0.000198246572795
-0.000203045548574
-0.000206138410271
-0.000207486506088
-0.000207065569501
-0.000204866668093
-0.000200895727438
-0.000195174234977
-0.00018773860901
-0.000178640464796
-0.000167945749291
-0.000155734965713
-0.000142101884328
-0.00012715339031
-0.000111008139592
-9.3796236416e-05
-7.565752021e-05
-5.674116051e-05
-3.7203630857e-05
-1.7208285998e-05
3.076791976e-06
2.3479573318e-05
4.3826069486e-05
6.3941197904e-05
8.3651022717e-05
0.000102783455012
0.000121170459946
0.000138648929131
0.000155062698799
0.000170263346451
0.000184112107565
0.000196480449794
0.000207252092474
0.000216323196954
0.000223604138864
0.000229019731262
0.00023251054698
0.000234032964867
0.000233560203465
0.000231082164077
0.000226606185865
0.000220156364899
0.000211774409803
0.000201518469355
0.000189463525648
0.000175700136143
0.000160334553492
0.000143487182853
0.000125292231819
0.000105896209891
8.5457138228e-05
6.4142896818e-05
4.2130244879e-05
1.9602982089e-05
-3.249222739e-06
-2.6232790746e-05
-4.9151359283e-05
-7.1808138315e-05
-9.4006910298e-05
-0.000115554239881
-0.000136260672447
-0.000155942983942
-0.000174425096451
-0.000191540379092
-0.000207132441074
-0.000221057127544
-0.000233183323418
-0.000243394763628
-0.000251590431968
-0.000257686244893
-0.000261615289063
-0.000263329019752
-0.000262797268066
-0.000260009225457
-0.000254973045959
-0.000247716576968
-0.000238286560553
-0.000226748982341
-0.00021318810747
-0.000197706502907
-0.000180423454532
-0.000161474971213
-0.00014101192093
-0.000119199504229
-9.6215331676e-05
-7.2248597106e-05
-4.7497931173e-05
-2.2170413771e-05
3.520948301e-06
2.9358169403e-05
5.5120765884e-05
8.0587169705e-05
0.000105537135006
0.000129752957926
0.000153022139945
0.00017513841588
0.000195904417689
0.000215132634314
0.000232647766102
0.000248287801322
0.000261905897787
0.000273371264769
0.000282571038494
0.000289410658649
0.000293815562976
0.000295731078198
0.000295124041924
0.000291982280615
0.000286315578804
0.000278155180705
0.000267554207233
0.000254586829573
0.000239348204212
0.00022195355188
0.000202537462061
0.000181252574828
0.000158268837399
0.000133771745313
0.000107961233592
8.1049586635e-05
5.3260334795e-05
2.482572198e-05
-4.014599805e-06
-3.3016135823e-05
-6.193108648e-05
-9.0511041234e-05
-0.000118508345673
-0.000145679034037
-0.000171784335943
-0.000196593225327
-0.000219883917418
-0.000241446523271
-0.000261084195335
-0.000278615556899
-0.000293875818526
-0.000306718805536
-0.000317017805165
-0.000324667455838
-0.000329584007103
-0.000331706891128
-0.000330998841451
-0.000327446953514
-0.000321062261244
-0.000311880577688
-0.00029996150986
-0.000285388971653
-0.000268269909812
-0.000248734061655
-0.000226932537857
-0.000203037288989
-0.000177238941787
-0.000149746120775
-0.000120783084668
-9.0588539801e-05
-5.9413107145e-05
-2.7517742348e-05
4.828981838e-06
3.7352325086e-05
6.9774687452e-05
0.000101817047396
0.00013320202661
0.000163655781063
0.000192910852083
0.000220708045426
0.000246799143557
0.000270948531239
0.000292936173811
0.000312558586916
0.000329631657036
0.000343991446692
0.00035549661104
0.00036402902939
0.000369495487994
0.000371828359374
0.000370986545912
0.000366955749746
0.000359749067972
0.000349406907493
0.000335996916744
0.000319613293684
0.000300376693854
0.000278432821255
0.000253951826207
0.000227126505569
0.000198171422135
0.000167320480667
0.000134825733131
0.00010095482053
6.5989285714e-05
3.0221562401e-05
-6.046641962e-06
-4.2507577448e-05
-7.8849538214e-05
-0.000114760000578
-0.000149927715332
-0.000184046080607
-0.000216815030045
-0.000247944311248
-0.000277155607091
-0.000304185458569
-0.000328786928172
-0.000350732672525
-0.000369816265925
-0.000385854722756
-0.0003986896535
-0.000408189418461
-0.000414249693001
-0.000416795459649
-0.000415780957198
-0.000411190899591
-0.000403040365044
-0.000391375368952
-0.00037627204277
-0.000357836959956
-0.00033620556353
-0.000311542031541
-0.000284037441646
-0.000253908692052
-0.000221396384953
-0.000186763654242
-0.000150293163332
-0.000112285710875
-7.305688115e-05
-3.2935194694e-05
7.741079185e-06
4.8626526416e-05
8.9371800142e-05
0.000129625989115
0.000169040476077
0.000207271023791
0.000243981767402
0.000278847005146
0.000311555084512
0.000341810513982
0.000369337009514
0.000393879695434
0.000415207620979
0.00043311588331
0.000447427489318
0.000457995018673
0.000464702342163
0.000467465576472
0.000466234208891
0.000460991404379
0.000451755003433
0.000438576917086
0.000421543490836
0.000400774501211
0.000376422921979
0.000348673101507
0.000317740149114
0.000283867755986
0.000247326768393
0.00020841236247
0.000167442514287
0.000124754752649
8.0703869316e-05
3.5658532084e-05
-1.0001170868e-05
-5.5887722208e-05
-0.000101608659205
-0.000146770429769
-0.000190981365309
-0.00023385564188
-0.000275015799563
-0.000314096902116
-0.000350749017159
-0.000384640889278
-0.00041546242762
-0.000442928191647
-0.000466779032535
-0.000486785431052
-0.000502749059006
-0.000514505099358
-0.000521923444393
-0.000524910658271
-0.000523410223501
-0.000517404266106
-0.000506913111454
-0.000491995859969
-0.000472749823013
-0.000449310427276
-0.000421849622547
-0.000390575577281
-0.00035573007782
-0.000317587647193
-0.000276452855844
-0.000232658110746
-0.000186560794044
-0.000138540785775
-8.8996762773e-05
-3.83438325e-05
1.2991201146e-05
6.457209582e-05
0.000115957869237
0.000166705851355
0.000216375979442
0.000264534322919
0.000310756701354
0.000354632730961
0.000395769276902
0.000433793986638
0.000468358545238
0.000499141850242
0.000525853183426
0.000548234448054
0.000566063089126
0.000579153861769
0.000587361251012
0.000590580193842
0.000588747951088
0.000581844485074
0.00056989344084
0.000552961531853
0.000531159077066
0.00050463872869
0.000473594899673
0.000438261817212
0.000398912629107
0.000355856598481
0.000309437169904
0.000260028841003
0.000208034812861
0.000153882869768
9.8022701252e-05
4.0921735431e-05
-1.693839806e-05
-7.5066591706e-05
-0.000132965412326
-0.000190136200885
-0.000246082730332
-0.000300315913363
-0.000352357528232
-0.00040174525945
-0.000448035725999
-0.000490809179489
-0.000529672907908
-0.0005642651042
-0.000594257660729
-0.000619360099035
-0.000639321213597
-0.000653932419782
-0.000663029446233
-0.000666494264321
-0.000664256010863
-0.000656292669021
-0.000642630578721
-0.000623345778472
-0.000598562784722
-0.000568454213586
-0.000533239644117
-0.000493184190723
-0.000448596173518
-0.000399825600533
-0.000347260108988
-0.000291323502066
-0.000232471090585
-0.000171186911746
-0.000107979266192
-4.3376566488e-05
2.2076556358e-05
8.7824411274e-05
0.000153304458272
0.000217952577926
0.000281207414017
0.00034251532794
0.000401335433138
0.000457144054824
0.000509439561598
0.00055774635929
0.000601619926497
0.000640650216198
0.000674465879113
0.000702737126687
0.000725179655579
0.0007415567578
0.000751682139873
0.000755421364679
0.000752694255607
0.000743475200468
0.000727794220912
0.000705736709638
0.000677443843494
0.000643110929552
0.000602986755671
0.000557371540242
0.000506615314671
0.000451114343762
0.000391308930664
0.000327679518785
0.000260743243294
0.000191049110811
0.000119174631361
4.5720116098e-05
-2.8695871156e-05
-0.000103441928595
-0.000177878474763
-0.000251364202905
-0.000323260522268
-0.000392937595773
-0.000459779713025
-0.000523190991511
-0.00058259970649
-0.000637464579878
-0.000687278618531
-0.000731574224821
-0.000769927532493
-0.000801962519502
-0.000827353747786
-0.000845830866921
-0.000857180060802
-0.000861247205852
-0.000857939537774
-0.000847226586673
-0.00082914098866
-0.000803779300345
-0.000771300437222
-0.000731926657371
-0.000685940246199
-0.000633682835899
-0.00057555249847
-0.000512000632663
-0.000443529381251
-0.000370686418503
-0.000294061849099
-0.000214282523278
-0.000132007876634
-4.7923988335e-05
3.7262035621e-05
0.00012282780299
0.000208041846592
0.000292169338943
0.000374479050721
0.000454249116818
0.000530773750145
0.000603368643543
0.000671377799488
0.000734178927211
0.00079118947731
0.000841871141639
0.000885735628169
0.000922348819326
0.000951335416865
0.000972381788507
0.000985239971667
0.000989729987579
0.000985742343584
0.000973238683479
0.0009522536437
0.000922894729772
0.000885342307234
0.000839847886082
0.000786733682061
0.0007263898302
0.000659271857687
0.000585896813715
0.000506840529076
0.000422732113009
0.00033424937865
0.000242113415594
0.000147083465104
4.9949506261e-05
-4.8473139187e-05
-0.000147350788243
-0.000245838493143
-0.000343087691746
-0.000438252063637
-0.000530496225016
-0.000619002307867
-0.000702976816438
-0.000781657819093
-0.000854322492959
-0.000920292044333
-0.00097893964088
-0.001029695361427
-0.001072051201382
-0.001105566766603
-0.001129873379893
-0.001144676979744
-0.001149763508751
-0.001144998855788
-0.001130332762145
-0.00110579904704
-0.00107151560086
-0.001027685984482
-0.000974596144315
-0.000912615199671
-0.000842190743452
-0.000763847427524
-0.000678182156059
-0.000585860397396
-0.000487611013642
-0.000384220348298
-0.000276526329005
-0.000165411375703
-5.1796065891e-05
6.3368912245e-05
0.000179110118038
0.000294440219288
0.000408365542409
0.000519894866201
0.000628047272784
0.000731861447713
0.000830403567506
0.00092277596646
0.001008124236696
0.001085645693904
0.001154596455112
0.001214298902729
0.001264147097501
0.001303613259747
0.001332252829806
0.001349709848239
0.001355719753638
0.001350113048998
0.001332817574187
0.001303860976754
0.00126337021886
0.001211572028731
0.00114879200119
0.001075453623853
0.000992074257975
0.000899262427497
0.000797713833859
0.000688206627652
0.000571594187064
0.000448800079256
0.000320810892631
0.000188668007112
5.3458702863e-05
-8.3690608073e-05
-0.000221625108586
-0.000359171206915
-0.000495145238205
-0.000628363339381
-0.000757653476345
-0.000881862899721
-0.000999869311557
-0.001110591724041
-0.001212998192056
-0.001306115788745
-0.001389041319237
-0.001460945979954
-0.001521087147675
-0.001568813428083
-0.001603570564789
-0.001624910530395
-0.001632491607043
-0.001626087922059
-0.00160558790013
-0.001571000302164
-0.001522453008497
-0.001460194720783
-0.001384593563274
-0.001296135475056
-0.001195421815004
-0.001083165271055
-0.000960185806439
-0.000827404408734
-0.000685837041484
-0.000536586472942
-0.000380834627686
-0.000219833093135
-5.4894192099e-05
0.000112619888309
0.000281307490827
0.000449739643483
0.000616471195846
0.000780053250236
0.000939044410206
0.001092023576812
0.001237601873052
0.001374435656239
0.00150123767057
0.001616788831211
0.001719948496319
0.001809666080498
0.001884990920558
0.00194508213131
0.001989215806069
0.002016793111797
0.002027346997019
0.00202054911956
0.001996213244915
0.001954298527639
0.001894911697352
0.001818309952576
0.001724899902129
0.001615235513199
0.001490015288558
0.001350080744602
0.001196410195088
0.001030111324986
0.000852414239399
0.000664665521966
0.000468316106798
0.000264909878266
5.607465988e-05
-0.000156489569042
-0.000371028020374
-0.000585741369247
-0.000798798735385
-0.001008357052174
-0.001212573718763
-0.001409618416526
-0.001597696416913
-0.001775056948397
-0.001940009583623
-0.002090945514244
-0.002226340195397
-0.002344781316084
-0.002444969425496
-0.002525740358058
-0.002586070503141
-0.002625091310481
-0.002642097195019
-0.002636554667631
-0.002608109666139
-0.002556593101043
-0.002482025924456
-0.002384621608861
-0.00226478834855
-0.002123128483221
-0.001960437555125
-0.001777700620651
-0.001576088190422
-0.001356949396564
-0.001121804813587
-0.000872336612063
-0.000610378480047
-0.000337902918665
-5.700846995e-05
0.00023009551194
0.000521104018845
0.000813633791133
0.00110524047355
0.001393437765484
0.001675715953884
0.001949562212993
0.002212479913694
0.002462009364277
0.002695747414789
0.002911368414795
0.003106643841106
0.003279462990421
0.003427851727954
0.003549991401052
0.003644235221103
0.003709124850811
0.003743405310786
0.003746040750816
0.003716227764074
0.003653407259325
0.003557271918332
0.003427773377591
0.003265128893076
0.003069829229775
0.002842641026139
0.002584604110428
0.002297026844998
0.001981487524747
0.001639832930192
0.001274165901998
0.000886828490918
0.000480399768743
5.76888322e-05
-0.00037829524797
-0.000824361511622
-0.001277132322778
-0.001733086025374
-0.002188584351082
-0.002639854016748
-0.003083071766715
-0.003514329406203
-0.003929704545108
-0.004325259204616
-0.004697080819673
-0.005041303191089
-0.005354135676527
-0.005631889909277
-0.005871006254374
-0.006068080630604
-0.006219889545697
-0.00632341548084
-0.006375870065202
-0.006374717211225
-0.006317693733067
-0.006202829571791
-0.006028465209421
-0.005793268392236
-0.005496247752718
-0.005136765538943
-0.004714547006415
-0.004229688708422
-0.003682663272121
-0.003074322984456
-0.002405899771246
-0.001679003842235
-0.000895618743202
-5.8095121882e-05
0.000830859154033
0.00176819005424
0.002750512010855
0.003774123569482
0.004835026419058
0.005928945292858
0.007051351037644
0.008197484230876
0.009362381707243
0.010540903392266
0.011727761620286
0.012917550452671
0.014104777118899
0.015283893053619
0.016449326664485
0.017595515272921
0.018716938387921
0.019808149723877
0.020863810106263
0.021878718723832
0.022847844832655
0.023766357408384
0.024629654817306
0.02543339206124
0.026173507689339
0.02684624786258
0.027448189802813
0.027976262064071
0.028427763890977
0.028800381135244
0.02909220099924
0.029301723192624
0.029427869733306
0.029476089410454
0.029476089410454
0.029427869733306
0.029301723192624
0.02909220099924
0.028800381135244
0.028427763890977
0.027976262064071
0.027448189802813
0.02684624786258
0.026173507689339
0.02543339206124
0.024629654817306
0.023766357408384
0.022847844832655
0.021878718723832
0.020863810106263
0.019808149723877
0.018716938387921
0.017595515272921
0.016449326664485
0.015283893053619
0.014104777118899
0.012917550452671
0.011727761620286
0.010540903392266
0.009362381707243
0.008197484230876
0.007051351037644
0.005928945292858
0.004835026419058
0.003774123569482
0.002750512010855
0.00176819005424
0.000830859154033
-5.8095121882e-05
-0.000895618743202
-0.001679003842235
-0.002405899771246
-0.003074322984456
-0.003682663272121
-0.004229688708422
-0.004714547006415
-0.005136765538943
-0.005496247752718
-0.005793268392236
-0.006028465209421
-0.006202829571791
-0.006317693733067
-0.006374717211225
-0.006375870065202
-0.00632341548084
-0.006219889545697
-0.006068080630604
-0.005871006254374
-0.005631889909277
-0.005354135676527
-0.005041303191089
-0.004697080819673
-0.004325259204616
-0.003929704545108
-0.003514329406203
-0.003083071766715
-0.002639854016748
-0.002188584351082
-0.001733086025374
-0.001277132322778
-0.000824361511622
-0.00037829524797
5.76888322e-05
0.000480399768743
0.000886828490918
0.001274165901998
0.001639832930192
0.001981487524747
0.002297026844998
0.002584604110428
0.002842641026139
0.003069829229775
0.003265128893076
0.003427773377591
0.003557271918332
0.003653407259325
0.003716227764074
0.003746040750816
0.003743405310786
0.003709124850811
0.003644235221103
0.003549991401052
0.003427851727954
0.003279462990421
0.003106643841106
0.002911368414795
0.002695747414789
0.002462009364277
0.002212479913694
0.001949562212993
0.001675715953884
0.001393437765484
0.00110524047355
0.000813633791133
0.000521104018845
0.00023009551194
-5.700846995e-05
-0.000337902918665
-0.000610378480047
-0.000872336612063
-0.001121804813587
-0.001356949396564
-0.001576088190422
-0.001777700620651
-0.001960437555125
-0.002123128483221
-0.00226478834855
-0.002384621608861
-0.002482025924456
-0.002556593101043
-0.002608109666139
-0.002636554667631
-0.002642097195019
-0.002625091310481
-0.002586070503141
-0.002525740358058
-0.002444969425496
-0.002344781316084
-0.002226340195397
-0.002090945514244
-0.001940009583623
-0.001775056948397
-0.001597696416913
-0.001409618416526
-0.001212573718763
-0.001008357052174
-0.000798798735385
-0.000585741369247
-0.000371028020374
-0.000156489569042
5.607465988e-05
0.000264909878266
0.000468316106798
0.000664665521966
0.000852414239399
0.001030111324986
0.001196410195088
0.001350080744602
0.001490015288558
0.001615235513199
0.001724899902129
0.001818309952576
0.001894911697352
0.001954298527639
0.001996213244915
0.00202054911956
0.002027346997019
0.002016793111797
0.001989215806069
0.00194508213131
0.001884990920558
0.001809666080498
0.001719948496319
0.001616788831211
0.00150123767057
0.001374435656239
0.001237601873052
0.001092023576812
0.000939044410206
0.000780053250236
0.000616471195846
0.000449739643483
0.000281307490827
0.000112619888309
-5.4894192099e-05
-0.000219833093135
-0.000380834627686
-0.000536586472942
-0.000685837041484
-0.000827404408734
-0.000960185806439
-0.001083165271055
-0.001195421815004
-0.001296135475056
-0.001384593563274
-0.001460194720783
-0.001522453008497
-0.001571000302164
-0.00160558790013
-0.001626087922059
-0.001632491607043
-0.001624910530395
-0.001603570564789
-0.001568813428083
-0.001521087147675
-0.001460945979954
-0.001389041319237
-0.001306115788745
-0.001212998192056
-0.001110591724041
-0.000999869311557
-0.000881862899721
-0.000757653476345
-0.000628363339381
-0.000495145238205
-0.000359171206915
-0.000221625108586
-8.3690608073e-05
5.3458702863e-05
0.000188668007112
0.000320810892631
0.000448800079256
0.000571594187064
0.000688206627652
0.000797713833859
0.000899262427497
0.000992074257975
0.001075453623853
0.00114879200119
0.001211572028731
0.00126337021886
0.001303860976754
0.001332817574187
0.001350113048998
0.001355719753638
0.001349709848239
0.001332252829806
0.001303613259747
0.001264147097501
0.001214298902729
0.001154596455112
0.001085645693904
0.001008124236696
0.00092277596646
0.000830403567506
0.000731861447713
0.000628047272784
0.000519894866201
0.000408365542409
0.000294440219288
0.000179110118038
6.3368912245e-05
-5.1796065891e-05
-0.000165411375703
-0.000276526329005
-0.000384220348298
-0.000487611013642
-0.000585860397396
-0.000678182156059
-0.000763847427524
-0.000842190743452
-0.000912615199671
-0.000974596144315
-0.001027685984482
-0.00107151560086
-0.00110579904704
-0.001130332762145
-0.001144998855788
-0.001149763508751
-0.001144676979744
-0.001129873379893
-0.001105566766603
-0.001072051201382
-0.001029695361427
-0.00097893964088
-0.000920292044333
-0.000854322492959
-0.000781657819093
-0.000702976816438
-0.000619002307867
-0.000530496225017
-0.000438252063637
-0.000343087691746
-0.000245838493143
-0.000147350788243
-4.8473139187e-05
4.9949506261e-05
0.000147083465104
0.000242113415594
0.00033424937865
0.000422732113009
0.000506840529076
0.000585896813715
0.000659271857687
0.0007263898302
0.000786733682061
0.000839847886082
0.000885342307234
0.000922894729772
0.0009522536437
0.000973238683479
0.000985742343584
0.000989729987579
0.000985239971667
0.000972381788507
0.000951335416865
0.000922348819326
0.000885735628169
0.000841871141639
0.00079118947731
0.000734178927211
0.000671377799488
0.000603368643543
0.000530773750145
0.000454249116818
0.000374479050721
0.000292169338943
0.000208041846592
0.00012282780299
3.7262035621e-05
-4.7923988335e-05
-0.000132007876634
-0.000214282523278
-0.000294061849099
-0.000370686418503
-0.000443529381251
-0.000512000632663
-0.00057555249847
-0.000633682835899
-0.000685940246199
-0.000731926657371
-0.000771300437222
-0.000803779300345
-0.00082914098866
-0.000847226586673
-0.000857939537774
-0.000861247205852
-0.000857180060802
-0.000845830866921
-0.000827353747786
-0.000801962519502
-0.000769927532493
-0.000731574224821
-0.000687278618531
-0.000637464579878
-0.00058259970649
-0.000523190991511
-0.000459779713025
-0.000392937595773
-0.000323260522268
-0.000251364202905
-0.000177878474763
-0.000103441928595
-2.8695871156e-05
4.5720116098e-05
0.000119174631361
0.000191049110811
0.000260743243294
0.000327679518785
0.000391308930664
0.000451114343762
0.000506615314671
0.000557371540242
0.000602986755671
0.000643110929552
0.000677443843494
0.000705736709638
0.000727794220912
0.000743475200468
0.000752694255607
0.000755421364679
0.000751682139873
0.0007415567578
0.000725179655579
0.000702737126687
0.000674465879113
0.000640650216198
0.000601619926497
0.00055774635929
0.000509439561598
0.000457144054824
0.000401335433138
0.00034251532794
0.000281207414017
0.000217952577926
0.000153304458272
8.7824411274e-05
2.2076556358e-05
-4.3376566488e-05
-0.000107979266192
-0.000171186911746
-0.000232471090585
-0.000291323502066
-0.000347260108988
-0.000399825600533
-0.000448596173518
-0.000493184190723
-0.000533239644117
-0.000568454213586
-0.000598562784722
-0.000623345778472
-0.000642630578721
-0.000656292669021
-0.000664256010863
-0.000666494264321
-0.000663029446233
-0.000653932419782
-0.000639321213597
-0.000619360099035
-0.000594257660729
-0.0005642651042
-0.000529672907908
-0.000490809179489
-0.000448035725999
-0.00040174525945
-0.000352357528232
-0.000300315913363
-0.000246082730332
-0.000190136200885
-0.000132965412326
-7.5066591706e-05
-1.693839806e-05
4.0921735431e-05
9.8022701252e-05
0.000153882869768
0.000208034812861
0.000260028841003
0.000309437169904
0.000355856598481
0.000398912629107
0.000438261817212
0.000473594899673
0.00050463872869
0.000531159077066
0.000552961531853
0.00056989344084
0.000581844485074
0.000588747951088
0.000590580193842
0.000587361251012
0.000579153861769
0.000566063089126
0.000548234448054
0.000525853183426
0.000499141850242
0.000468358545238
0.000433793986638
0.000395769276902
0.000354632730961
0.000310756701354
0.000264534322919
0.000216375979442
0.000166705851355
0.000115957869237
6.457209582e-05
1.2991201146e-05
-3.83438325e-05
-8.8996762773e-05
-0.000138540785775
-0.000186560794044
-0.000232658110746
-0.000276452855844
-0.000317587647193
-0.00035573007782
-0.000390575577281
-0.000421849622547
-0.000449310427276
-0.000472749823013
-0.000491995859969
-0.000506913111454
-0.000517404266106
-0.000523410223501
-0.000524910658271
-0.000521923444393
-0.000514505099358
-0.000502749059006
-0.000486785431052
-0.000466779032535
-0.000442928191647
-0.00041546242762
-0.000384640889278
-0.000350749017159
-0.000314096902116
-0.000275015799563
-0.00023385564188
-0.000190981365309
-0.000146770429769
-0.000101608659205
-5.5887722208e-05
-1.0001170868e-05
3.5658532084e-05
8.0703869316e-05
0.000124754752649
0.000167442514287
0.00020841236247
0.000247326768393
0.000283867755986
0.000317740149114
0.000348673101507
0.000376422921979
0.000400774501211
0.000421543490836
0.000438576917086
0.000451755003433
0.000460991404379
0.000466234208891
0.000467465576472
0.000464702342163
0.000457995018673
0.000447427489318
0.00043311588331
0.000415207620979
0.000393879695434
0.000369337009514
0.000341810513982
0.000311555084512
0.000278847005146
0.000243981767402
0.000207271023791
0.000169040476077
0.000129625989115
8.9371800142e-05
4.8626526416e-05
7.741079185e-06
-3.2935194694e-05
-7.305688115e-05
-0.000112285710875
-0.000150293163332
-0.000186763654242
-0.000221396384953
-0.000253908692052
-0.000284037441646
-0.000311542031541
-0.00033620556353
-0.000357836959956
-0.00037627204277
-0.000391375368952
-0.000403040365044
-0.000411190899591
-0.000415780957198
-0.000416795459649
-0.000414249693001
-0.000408189418461
-0.0003986896535
-0.000385854722756
-0.000369816265925
-0.000350732672525
-0.000328786928172
-0.000304185458569
-0.000277155607091
-0.000247944311248
-0.000216815030045
-0.000184046080607
-0.000149927715332
-0.000114760000578
-7.8849538214e-05
-4.2507577448e-05
-6.046641962e-06
3.0221562401e-05
6.5989285714e-05
0.00010095482053
0.000134825733131
0.000167320480667
0.000198171422135
0.000227126505569
0.000253951826207
0.000278432821255
0.000300376693854
0.000319613293684
0.000335996916744
0.000349406907493
0.000359749067972
0.000366955749746
0.000370986545912
0.000371828359374
0.000369495487994
0.00036402902939
0.00035549661104
0.000343991446692
0.000329631657036
0.000312558586916
0.000292936173811
0.000270948531239
0.000246799143557
0.000220708045426
0.000192910852083
0.000163655781063
0.00013320202661
0.000101817047396
6.9774687452e-05
3.7352325086e-05
4.828981838e-06
-2.7517742348e-05
-5.9413107145e-05
-9.0588539801e-05
-0.000120783084668
-0.000149746120775
-0.000177238941787
-0.000203037288989
-0.000226932537857
-0.000248734061655
-0.000268269909812
-0.000285388971653
-0.00029996150986
-0.000311880577688
-0.000321062261244
-0.000327446953514
-0.000330998841451
-0.000331706891128
-0.000329584007103
-0.000324667455838
-0.000317017805165
-0.000306718805536
-0.000293875818526
-0.000278615556899
-0.000261084195335
-0.000241446523271
-0.000219883917418
-0.000196593225327
-0.000171784335943
-0.000145679034037
-0.000118508345673
-9.0511041234e-05
-6.193108648e-05
-3.3016135823e-05
-4.014599805e-06
2.482572198e-05
5.3260334795e-05
8.1049586635e-05
0.000107961233592
0.000133771745313
0.000158268837399
0.000181252574828
0.000202537462061
0.00022195355188
0.000239348204212
0.000254586829573
0.000267554207233
0.000278155180705
0.000286315578804
0.000291982280615
0.000295124041924
0.000295731078198
0.000293815562976
0.000289410658649
0.000282571038494
0.000273371264769
0.000261905897787
0.000248287801322
0.000232647766102
0.000215132634314
0.000195904417689
0.00017513841588
0.000153022139945
0.000129752957926
0.000105537135006
8.0587169705e-05
5.5120765884e-05
2.9358169403e-05
3.520948301e-06
-2.2170413771e-05
-4.7497931173e-05
-7.2248597106e-05
-9.6215331676e-05
-0.000119199504229
-0.00014101192093
-0.000161474971213
-0.000180423454532
-0.000197706502907
-0.00021318810747
-0.000226748982341
-0.000238286560553
-0.000247716576968
-0.000254973045959
-0.000260009225457
-0.000262797268066
-0.000263329019752
-0.000261615289063
-0.000257686244893
-0.000251590431968
-0.000243394763628
-0.000233183323418
-0.000221057127544
-0.000207132441074
-0.000191540379092
-0.000174425096451
-0.000155942983942
-0.000136260672447
-0.000115554239881
-9.4006910298e-05
-7.1808138315e-05
-4.9151359283e-05
-2.6232790746e-05
-3.249222739e-06
1.9602982089e-05
4.2130244879e-05
6.4142896818e-05
8.5457138228e-05
0.000105896209891
0.000125292231819
0.000143487182853
0.000160334553492
0.000175700136143
0.000189463525648
0.000201518469355
0.000211774409803
0.000220156364899
0.000226606185865
0.000231082164077
0.000233560203465
0.000234032964867
0.00023251054698
0.000229019731262
0.000223604138864
0.000216323196954
0.000207252092474
0.000196480449794
0.000184112107565
0.000170263346451
0.000155062698799
0.000138648929131
0.000121170459946
0.000102783455012
8.3651022717e-05
6.3941197904e-05
4.3826069486e-05
2.3479573318e-05
3.076791976e-06
-1.7208285998e-05
-3.7203630857e-05
-5.674116051e-05
-7.565752021e-05
-9.3796236416e-05
-0.000111008139592
-0.00012715339031
-0.000142101884328
-0.000155734965713
-0.000167945749291
-0.000178640464796
-0.00018773860901
-0.000195174234977
-0.000200895727438
-0.000204866668093
-0.000207065569501
-0.000207486506088
-0.000206138410271
-0.000203045548574
-0.000198246572795
-0.000191794712681
-0.000183756608632
-0.000174212230815
-0.000163253488976
-0.000150984068135
-0.000137517727142
-0.000122977875563
-0.000107495961271
-9.12107954e-05
-7.4266720284e-05
-5.6812977858e-05
-3.9001815712e-05
-2.09876155e-05
-2.925235521e-06
1.5030991794e-05
3.2729009508e-05
5.0019771755e-05
6.6759040765e-05
8.2808053083e-05
9.803528679e-05
0.000112316756999
0.000125537856642
0.000137593476266
0.000148389604986
0.000157843257587
0.000165883876862
0.000172453112649
0.000177505878347
0.000181010155733
0.000182947607599
0.000183313052279
0.000182115155468
0.000179375491029
0.000175128990699
0.000169422788558
0.000162316554428
0.000153881131982
0.000144198436872
0.000133360176143
0.000121467567371
0.000108629732593
9.4963428642e-05
8.0591271543e-05
6.5641340471e-05
5.0245371523e-05
3.4538255338e-05
1.8656213648e-05
2.736357473e-06
-1.3085360115e-05
-2.8674428273e-05
-4.3899624346e-05
-5.8633562008e-05
-7.2754276626e-05
-8.6145657191e-05
-9.8698993905e-05
-0.000110313271967
-0.000120896564446
-0.000130366174626
-0.000138649829397
-0.000145685694632
-0.000151423382108
-0.000155823637247
-0.000158859323672
-0.000160514937386
-0.000160787184828
-0.000159684331514
-0.000157226744523
-0.000153445933342
-0.000148384829586
-0.000142096735353
-0.000134645379693
-0.00012610376996
-0.000116554001028
-0.000106085894357
-9.4796792001e-05
-8.2790154759e-05
-7.0175003323e-05
-5.7064602652e-05
-4.357590587e-05
-2.9827905858e-05
-1.594128431e-05
-2.036671947e-06
1.176571182e-05
2.5347803073e-05
3.8593909794e-05
5.1392540032e-05
6.3636538222e-05
7.5224686006e-05
8.6061871565e-05
9.6060563633e-05
0.000105140861584
0.000113231682017
0.000120270833923
0.000126206073491
0.000130994777045
0.000134605070818
0.000137015214694
0.000138214500352
0.000138202591895
0.000136990124527
0.000134597890191
0.000131057219362
0.000126409132473
0.000120704491256
0.000114002777779
0.000106372354609
9.788911271e-05
8.863641125e-05
7.8703650308e-05
6.818622019e-05
5.7183870965e-05
4.5800635518e-05
3.4143141593e-05
2.232039161e-05
1.0442247106e-05
-1.381070836e-06
-1.3040390453e-05
-2.4427932949e-05
-3.5438858047e-05
-4.5971563369e-05
-5.5929044356e-05
-6.5219189792e-05
-7.3756132676e-05
-8.1460324391e-05
-8.8259804984e-05
-9.4090141252e-05
-9.8895612081e-05
-0.000102629015778
-0.000105252616775
-0.000106737819187
-0.000107066055815
-0.000106228203925
-0.000104225248553
-0.000101067734742
-9.6776139579e-05
-9.1380077036e-05
-8.4918640308e-05
-7.7439495571e-05
-6.8998942933e-05
-5.9660934057e-05
-4.9496980063e-05
-3.8585073976e-05
-2.7009616449e-05
-1.485990311e-05
-2.230209428e-06
1.0781726515e-05
2.4074852241e-05
3.7546357669e-05
5.1091727325e-05
6.4606395701e-05
7.7985872163e-05
9.1127239497e-05
0.000103929375974
0.000116294366256
0.000128127656705
0.000139339394647
0.000149844551489
0.000159564259533
0.000168425593782
0.000176363002309
0.000183317990559
0.000189240201946
0.000194087192898
0.00019782533158
0.000200429399798
0.000201883338302
0.000202179708116
0.000201320348953
0.000199315563568
0.000196184780887
0.00019195555556
0.000186663991982
0.000180353734559
0.000173076317907
0.000164889847088
0.000155859245393
0.000146055126197
0.00013555365169
0.000124435410144
0.00011278521646
0.000100690918086
8.8243239978e-05
7.553441569e-05
6.2658007662e-05
4.9707673941e-05
3.67769475e-05
2.3957858353e-05
1.1340922295e-05
-9.86227629e-07
-1.293891143e-05
-2.4436628268e-05
-3.5403007238e-05
-4.5767030895e-05
-5.5462911052e-05
-6.4431180025e-05
-7.2618461704e-05
-7.9978395154e-05
-8.6471422364e-05
-9.2065542591e-05
-9.6735884642e-05
-0.000100465454758
-0.000103244617605
-0.000105071526064
-0.000105951578246
-0.000105897875751
-0.00010493031095
-0.000103076098923
-0.000100368671779
-9.6848108319e-05
-9.2559984955e-05
-8.7555584554e-05
-8.1890773106e-05
-7.5626235121e-05
-6.8826099943e-05
-6.1558064063e-05
-5.3892256473e-05
-4.5901176633e-05
-3.7658442477e-05
-2.9238823087e-05
-2.0716961097e-05
-1.2167460088e-05
-3.663495389e-06
4.722936445e-06
1.2922402673e-05
2.086787345e-05
2.8495786213e-05
3.5746037241e-05
4.2562996304e-05
4.8895236874e-05
5.4696578548e-05
5.9925735401e-05
6.4547305374e-05
6.8531167381e-05
7.1853492382e-05
7.4496082001e-05
7.6447141452e-05
7.7700606731e-05
7.8256802492e-05
7.8121655382e-05
7.7307152318e-05
7.5830731018e-05
7.37153891e-05
7.0989019941e-05
6.768464287e-05
6.3839425925e-05
5.9494870529e-05
5.4695897438e-05
4.9490959953e-05
4.393099634e-05
3.8069554545e-05
3.1961657708e-05
2.5664022398e-05
1.9233869636e-05
1.2728989207e-05
6.206699482e-06
-2.75972257e-07
-6.663494852e-06
-1.2901655287e-05
-1.893855233e-05
-2.4724479085e-05
-3.0212875838e-05
-3.5360107372e-05
-4.0126375222e-05
-4.4475420453e-05
-4.8375385154e-05
-5.1798467944e-05
-5.4721620016e-05
-5.7126117446e-05
-5.8998404288e-05
-6.0329258883e-05
-6.1114655272e-05
-6.1355018413e-05
-6.1055810815e-05
-6.0226765816e-05
-5.8882416919e-05
-5.7041210359e-05
-5.4726017333e-05
-5.1963160875e-05
-4.8782805897e-05
-4.5218100232e-05
-4.1305345319e-05
-3.7083023942e-05
-3.2592220178e-05
-2.7875423404e-05
-2.2976885516e-05
-1.7941479953e-05
-1.2815083221e-05
-7.643438584e-06
-2.472303686e-06
2.653372589e-06
7.689311013e-06
1.2592934059e-05
1.7322983284e-05
2.1840643097e-05
2.6109061151e-05
3.0094406668e-05
3.3765318146e-05
3.7093983729e-05
4.0055588776e-05
4.2629090753e-05
4.4796820637e-05
4.6545155111e-05
4.7864051181e-05
4.8747499652e-05
4.9193215681e-05
4.9202950524e-05
4.8781954564e-05
4.7939483828e-05
4.6688032516e-05
4.504376235e-05
4.3025833227e-05
4.0656705193e-05
3.7961254248e-05
3.4967259135e-05
3.1704441074e-05
2.8204783347e-05
2.4501635499e-05
2.0630018725e-05
1.6625681346e-05
1.2525415631e-05
8.366061113e-06
4.18481844e-06
1.8391442e-08
-4.096867361e-06
-8.125829234e-06
-1.2034173126e-05
-1.5789336723e-05
-1.9360247758e-05
-2.2718113856e-05
-2.5836028036e-05
-2.8689848419e-05
-3.1257646267e-05
-3.3520691152e-05
-3.5462709673e-05
-3.7070763158e-05
-3.8334723933e-05
-3.924787206e-05
-3.9806282389e-05
-4.0009583606e-05
-3.9860129437e-05
-3.9363625689e-05
-3.8528449174e-05
-3.7366133045e-05
-3.5890653806e-05
-3.4118862723e-05
-3.2069595934e-05
-2.9764341761e-05
-2.7226144075e-05
-2.4480143385e-05
-2.1552707347e-05
-1.8471763538e-05
-1.5265965048e-05
-1.1964963108e-05
-8.598644578e-06
-5.197428257e-06
-1.791214897e-06
1.589912756e-06
4.916845992e-06
8.160942667e-06
1.1295020989e-05
1.4292790794e-05
1.7129784376e-05
1.9782991499e-05
2.2231474991e-05
2.4456152174e-05
2.6440318726e-05
2.8169376201e-05
2.9631310613e-05
3.0816422226e-05
3.1717754769e-05
3.2330580781e-05
3.2653122215e-05
3.2685889245e-05
3.2432142293e-05
3.1897332509e-05
3.1089636965e-05
3.0019155735e-05
2.8698541097e-05
2.7142177904e-05
2.5366591067e-05
2.3389754432e-05
2.123152771e-05
1.8912751728e-05
1.6455747338e-05
1.3883534976e-05
1.1220129308e-05
8.489768527e-06
5.717290539e-06
2.92728745e-06
1.44572192e-07
-2.606728907e-06
-5.302794671e-06
-7.920833346e-06
-1.0438616287e-05
-1.2835514572e-05
-1.5091767141e-05
-1.7189421794e-05
-1.9111826331e-05
-2.0844368224e-05
-2.2373974097e-05
-2.3689790439e-05
-2.478258056e-05
-2.5645615669e-05
-2.6273894948e-05
-2.6664758737e-05
-2.6817430446e-05
-2.6733544506e-05
-2.6416418526e-05
-2.5871777715e-05
-2.5106842543e-05
-2.4131087426e-05
-2.2955350897e-05
-2.1592380504e-05
-2.0056225038e-05
-1.8362494674e-05
-1.6527693911e-05
-1.4569715678e-05
-1.2506969139e-05
-1.0358970991e-05
-8.145250365e-06
-5.886199315e-06
-3.601977733e-06
-1.313022423e-06
9.60698152e-07
3.19931517e-06
5.383749977e-06
7.495469981e-06
9.516850553e-06
1.1431147986e-05
1.3222971578e-05
1.4877966534e-05
1.6383319028e-05
1.772747451e-05
1.8900723048e-05
1.9894615235e-05
2.0702693395e-05
2.131991225e-05
2.1743214989e-05
2.1971024566e-05
2.20038539e-05
2.1843487293e-05
2.1493717075e-05
2.0959724149e-05
2.0248482145e-05
1.9368111939e-05
1.8328497975e-05
1.7140461202e-05
1.5816279258e-05
1.4369027171e-05
1.2812944306e-05
1.1162756852e-05
9.434245313e-06
7.643310639e-06
5.806491206e-06
3.940262878e-06
2.0615005e-06
1.86628118e-07
-1.667747988e-06
-3.485846101e-06
-5.251992288e-06
-6.951435364e-06
-8.569977051e-06
-1.0094554201e-05
-1.1512676936e-05
-1.2813369249e-05
-1.3986457657e-05
-1.5023330097e-05
-1.5916354969e-05
-1.6659491305e-05
-1.7247856722e-05
-1.7678336449e-05
-1.7948747887e-05
-1.8058839861e-05
-1.8009391589e-05
-1.7802828084e-05
-1.744267902e-05
-1.6934018637e-05
-1.6282968124e-05
-1.5497052746e-05
-1.4584498224e-05
-1.3555057618e-05
-1.2418911147e-05
-1.1187508759e-05
-9.87254383e-06
-8.486705225e-06
-7.042848917e-06
-5.554361061e-06
-4.034778298e-06
-2.497869694e-06
-9.5722474e-07
5.73593131e-07
2.081280612e-06
3.552798864e-06
4.975836984e-06
6.3383718e-06
7.629291113e-06
8.838008887e-06
9.955063017e-06
1.0971543264e-05
1.1879898525e-05
1.2673346728e-05
1.334641352e-05
1.3894438503e-05
1.4314332468e-05
1.4603777888e-05
1.4761892563e-05
1.4788721906e-05
1.4685731983e-05
1.4455195238e-05
1.4100875313e-05
1.3627200225e-05
1.303981502e-05
1.2345110236e-05
1.1550650814e-05
1.066436358e-05
9.695292891e-06
8.652788917e-06
7.547016544e-06
6.388279102e-06
5.187547961e-06
3.955587357e-06
2.703798168e-06
1.443268294e-06
1.85255227e-07
-1.059366088e-06
-2.279682679e-06
-3.465487588e-06
-4.6065771e-06
-5.693708065e-06
-6.717853519e-06
-7.670838869e-06
-8.545054101e-06
-9.333999855e-06
-1.0031566842e-05
-1.0632957238e-05
-1.1133813222e-05
-1.1531143228e-05
-1.1822619327e-05
-1.2006993304e-05
-1.2083878566e-05
-1.205407835e-05
-1.191891079e-05
-1.1681039091e-05
-1.134353349e-05
-1.0910883714e-05
-1.0387786618e-05
-9.780055346e-06
-9.093948549e-06
-8.336509059e-06
-7.515198058e-06
-6.637988968e-06
-5.713300829e-06
-4.749843661e-06
-3.756440821e-06
-2.742214876e-06
-1.716294731e-06
-6.87921998e-07
3.34039949e-07
1.340537625e-06
2.32306933e-06
3.273202248e-06
4.18313236e-06
5.045152518e-06
5.852484654e-06
6.598618375e-06
7.27785471e-06
7.884849059e-06
8.415394499e-06
8.865634718e-06
9.232714474e-06
9.514331705e-06
9.709217273e-06
9.816487277e-06
9.836479349e-06
9.769997996e-06
9.618768367e-06
9.384996653e-06
9.071982582e-06
8.683239744e-06
8.223300596e-06
7.69694986e-06
7.109705034e-06
6.467279022e-06
5.776276359e-06
5.043130321e-06
4.27491791e-06
3.478732574e-06
2.662025988e-06
1.832072644e-06
9.96520811e-07
1.62475652e-07
-6.62555475e-07
-1.471518436e-06
-2.257438959e-06
-3.013832627e-06
-3.734259393e-06
-4.413090229e-06
-5.04460373e-06
-5.624111131e-06
-6.147073385e-06
-6.609610933e-06
-7.008351748e-06
-7.34070714e-06
-7.604471812e-06
-7.798446722e-06
-7.921447835e-06
-7.973626393e-06
-7.955179217e-06
-7.867302398e-06
-7.711493335e-06
-7.49005162e-06
-7.205845072e-06
-6.862061134e-06
-6.462472676e-06
-6.011279175e-06
-5.513128543e-06
-4.972973533e-06
-4.396019402e-06
-3.787951202e-06
-3.154392815e-06
-2.50128087e-06
-1.834421558e-06
-1.16008328e-06
-4.84136913e-07
1.87378018e-07
8.48755314e-07
1.494125363e-06
2.118257355e-06
2.715807539e-06
3.281932223e-06
3.811897835e-06
4.301770476e-06
4.747601924e-06
5.146129597e-06
5.494363745e-06
5.790057996e-06
6.031038205e-06
6.21611403e-06
6.344327442e-06
6.415343595e-06
6.429053408e-06
6.386347477e-06
6.288122674e-06
6.136101825e-06
5.932237469e-06
5.679102729e-06
5.379299497e-06
5.036367999e-06
4.653725623e-06
4.235302005e-06
3.78515804e-06
3.307777497e-06
2.807463379e-06
2.289236809e-06
1.757660377e-06
1.217611974e-06
6.73907497e-07
1.31497453e-07
-4.05038883e-07
-9.30783283e-07
-1.441614399e-06
-1.933023169e-06
-2.400980769e-06
-2.841714877e-06
-3.251764486e-06
-3.627861354e-06
-3.967354441e-06
-4.267337394e-06
-4.526109489e-06
-4.741646857e-06
-4.912840125e-06
-5.038628528e-06
-5.118497551e-06
-5.152545357e-06
-5.140945089e-06
-5.08448623e-06
-4.984097155e-06
-4.841379792e-06
-4.658149427e-06
-4.436459632e-06
-4.178829469e-06
-3.888000885e-06
-3.567132241e-06
-3.219203167e-06
-2.847743978e-06
-2.456242753e-06
-2.048580684e-06
-1.62833125e-06
-1.199518274e-06
-7.65977499e-07
-3.31723516e-07
9.9708089e-08
5.24394529e-07
9.38757517e-07
1.339192102e-06
1.7225756e-06
2.085510878e-06
2.42520709e-06
2.738989869e-06
3.024643242e-06
3.279745379e-06
3.50265815e-06
3.69177491e-06
3.845948173e-06
3.964123419e-06
4.046114034e-06
4.091461616e-06
4.100291494e-06
4.072971611e-06
4.010423782e-06
3.913389418e-06
3.783499794e-06
3.622265751e-06
3.431476911e-06
3.213107788e-06
2.969736814e-06
2.703537201e-06
2.417455833e-06
2.114192119e-06
1.796547594e-06
1.467467841e-06
1.130281963e-06
7.8772661e-07
4.43240105e-07
9.9639039e-08
-2.40122106e-07
-5.72967317e-07
-8.9605118e-07
-1.206823292e-06
-1.502410366e-06
-1.78097195e-06
-2.039786377e-06
-2.27710843e-06
-2.491058912e-06
-2.680065893e-06
-2.843099474e-06
-2.978709866e-06
-3.08634807e-06
-3.165232542e-06
-3.215357803e-06
-3.236580544e-06
-3.229071248e-06
-3.193316249e-06
-3.13003212e-06
-3.040341105e-06
-2.925198579e-06
-2.786043926e-06
-2.624342114e-06
-2.442096709e-06
-2.240995181e-06
-2.023106107e-06
-1.790482484e-06
-1.545672536e-06
-1.290824906e-06
-1.028366708e-06
-7.60596095e-07
-4.90236923e-07
-2.19500616e-07
4.9243325e-08
3.13776016e-07
5.7154095e-07
8.2061928e-07
1.058911083e-06
1.284489773e-06
1.495255745e-06
1.689890929e-06
1.866831099e-06
2.024778658e-06
2.162487912e-06
2.279447326e-06
2.374647708e-06
2.447533272e-06
2.497803855e-06
2.525555557e-06
2.530480028e-06
2.51317828e-06
2.474208226e-06
2.414147615e-06
2.333645482e-06
2.234110812e-06
2.116264319e-06
1.981515763e-06
1.831514044e-06
1.667774533e-06
1.491713504e-06
1.305521807e-06
1.110453136e-06
9.0850351e-07
7.01761477e-07
4.91905445e-07
2.80942074e-07
7.1011592e-08
-1.36748105e-07
-3.39885669e-07
-5.37181415e-07
-7.267079e-07
-9.06682083e-07
-1.076210181e-06
-1.233415808e-06
-1.37776874e-06
-1.50757616e-06
-1.622237216e-06
-1.720713249e-06
-1.802616913e-06
-1.867542959e-06
-1.915079069e-06
-1.945052164e-06
-1.957306186e-06
-1.952268356e-06
-1.93020718e-06
-1.891681766e-06
-1.836985051e-06
-1.766985137e-06
-1.682529732e-06
-1.584832294e-06
-1.474705301e-06
-1.35331665e-06
-1.221798931e-06
-1.08182045e-06
-9.34606503e-07
-7.81510428e-07
-6.2375329e-07
-4.63154922e-07
-3.01134481e-07
-1.39105629e-07
2.1820134e-08
1.79885048e-07
3.33725588e-07
4.82102827e-07
6.24158229e-07
7.58335928e-07
8.83561489e-07
9.98982089e-07
1.104061104e-06
1.197550491e-06
1.278888956e-06
1.347787675e-06
1.403957118e-06
1.446550783e-06
1.475796315e-06
1.491817736e-06
1.494430538e-06
1.483552928e-06
1.460175576e-06
1.424292333e-06
1.376201799e-06
1.316948939e-06
1.247319792e-06
1.167430164e-06
1.078956295e-06
9.82613261e-07
8.78949253e-07
7.69600618e-07
6.55433341e-07
5.36888545e-07
4.16143059e-07
2.93211045e-07
1.69755414e-07
4.7209235e-08
-7.4237498e-08
-1.92159054e-07
-3.06958292e-07
-4.16549089e-07
-5.21042768e-07
-6.1909176e-07
-7.10238043e-07
-7.93564134e-07
-8.68360075e-07
-9.34146694e-07
-9.90436082e-07
-1.037178604e-06
-1.074088612e-06
-1.101142463e-06
-1.117966029e-06
-1.124586546e-06
-1.120962486e-06
-1.107612797e-06
-1.084860705e-06
-1.05324091e-06
-1.012847485e-06
-9.64133965e-07
-9.0751594e-07
-8.44028702e-07
-7.74418308e-07
-6.99458709e-07
-6.19444895e-07
-5.35194284e-07
-4.47603611e-07
-3.57986746e-07
-2.6695465e-07
-1.75098627e-07
-8.2921544e-08
8.231633e-09
9.7386524e-08
1.83874358e-07
2.67635611e-07
3.47701773e-07
4.23003308e-07
4.9280632e-07
5.57400649e-07
6.16235921e-07
6.68325322e-07
7.13075417e-07
7.51202705e-07
7.823497e-07
8.05606592e-07
8.20958891e-07
8.29546776e-07
8.30665365e-07
8.23766515e-07
8.10020474e-07
7.90088252e-07
7.62679876e-07
7.29136405e-07
6.90637927e-07
6.4599658e-07
5.96345632e-07
5.43506557e-07
4.85573754e-07
4.25070893e-07
3.62485578e-07
2.96463627e-07
2.3094499e-07
1.62868498e-07
9.605233e-08
2.8737234e-08
-3.6994095e-08
-1.01401431e-07
-1.63574081e-07
-2.231072e-07
-2.79569114e-07
-3.32411533e-07
-3.81373894e-07
-4.25947962e-07
-4.65984659e-07
-5.01067053e-07
-5.31115516e-07
-5.55805806e-07
-5.75166942e-07
-5.88969993e-07
-5.97329599e-07
-6.00128416e-07
-5.97622797e-07
-5.89825861e-07
-5.7712941e-07
-5.59672561e-07
-5.37920273e-07
-5.12013732e-07
-4.82320494e-07
-4.48838523e-07
-4.11863193e-07
-3.71445925e-07
-3.28176082e-07
-2.82613921e-07
-2.35822878e-07
-1.88481161e-07
-1.41229894e-07
-9.3879813e-08
-4.6303046e-08
1.645691e-09
4.904372e-08
9.468249e-08
1.37339507e-07
1.77241874e-07
2.15239689e-07
2.51993649e-07
2.86170482e-07
3.15947178e-07
3.40798202e-07
3.62775552e-07
3.8300329e-07
3.99662686e-07
4.10093011e-07
4.16064367e-07
4.20776064e-07
4.22567241e-07
4.17317895e-07
4.08425951e-07
3.9990004e-07
3.8619357e-07
3.66022539e-07
3.48278081e-07
3.26299627e-07
2.97609153e-07
2.75052446e-07
2.42075519e-07
2.14214887e-07
1.81062231e-07
1.491034e-07
1.15676008e-07
8.2274454e-08
4.8852161e-08
1.5726634e-08
-1.6715264e-08
-4.8338224e-08
-7.8727573e-08
-1.07785401e-07
-1.35138106e-07
-1.60722311e-07
-1.84210894e-07
-2.05583523e-07
-2.2456143e-07
-2.41169341e-07
-2.55166984e-07
-2.66637037e-07
-2.75399247e-07
-2.81584091e-07
-2.85047554e-07
-2.85973674e-07
-2.84277314e-07
-2.8016881e-07
-2.73600111e-07
-2.64842435e-07
-2.53881544e-07
-2.41020936e-07
-2.26266764e-07
-2.09948098e-07
-1.92106964e-07
-1.73087969e-07
-1.52933366e-07
-1.32010662e-07
-1.10378092e-07
-8.8388702e-08
-6.6109219e-08
-4.3890641e-08
-2.1786827e-08
-1.35718e-10
2.102465e-08
4.1370318e-08
6.088725e-08
7.9277151e-08
9.6545827e-08
1.12424552e-07
1.26950572e-07
1.39894166e-07
1.51328107e-07
1.61083762e-07
1.69365023e-07
1.76300411e-07
1.82963405e-07
1.91971484e-07
2.11388742e-07
2.62582369e-07
3.99675639e-07
7.37667181e-07
1.424038081e-06
2.088172469e-06
-1.638422469e-06
2.58586573e-07
0.0
0.0
0.0
0.0
0.0
0.0
0.0
0.0
0.0
