0.1448023089695313
-0.13184799575537126
0.10300742270663894
-0.08882850589909487
0.06713420153280471
-0.06256779621318106
0.044996145105431075
0.35354018360189965
0.039705826430903146
0.043788766008736914
0.0406404380030571
-0.002486497990440989
-0.15293824656739888
0.19783647929220322
0.4013846746388007
0.06832723669814292
-0.11117465001019723
0.08616306521136682
0.1530469439952151
-0.21198982929696053
-0.23343860086507867
0.01899316029739704
0.25398752826324794
0.059530630875037176
0.27154175118840757
0.01654484877033095
-0.0008912968966710202
0.05745357893912927
-0.08323603845912307
-0.20564833850595257
-0.09357703650777871
0.10377393304644696
-0.25413622541708975
0.10293160087203897
0.03559503419244904
0.14330190335518692
-0.24160183942707544
-0.4018185993627573
0.07309163326162114
0.12688017142450037
0.2030923402057426
0.08453947598003116
-0.11631706866664883
-0.20589968553589155
0.2810326089637628
-0.1757322165161447
-0.19107136985371734
0.33899842031039473
0.09076036371526876
0.03004615977321713
0.05777644101500521
0.04208646666623894
-0.3330523784715307
-0.28075400317006843
0.0879595203801551
-0.20137781185175876
-0.19687541296810726
-0.013721888585047063
-0.312469310520907
0.0596711297108009
-0.020983115659867067
0.24413314619005122
0.1612043047745523
-0.305034338369107
0.022502798914311017
-0.11233257512156282
0.1342759399344589
0.23906021611611322
-0.10062835945410513
0.06957831637294515
0.1367295384588228
-0.025462528884273018
0.12126820604165686
0.16932583721722513
0.2786749190489127
-0.04644013746374868
0.18494902070507502
-0.05319462411773693
-0.19255852177035307
0.10843969658070708
0.05694938619958894
0.20669877601672712
-0.23971876667637887
0.18279832850140112
-0.23953820736677198
-0.04603102670353499
0.4092055483487612
-0.2908369067632051
0.20164514106300302
-0.07737203569367904
0.08293388083575895
0.0828679971291191
-0.0783332548140367
0.24550123906364082
0.21934755895090274
0.09058037803732082
-0.12260033124921323
0.0011069451694810147
-0.060496643600767015
0.27402521600037494
-0.07337891237228279
-0.2945175599554103
-0.12212590494453113
-0.09391499288644302
-0.11304081666945313
0.15793997464503698
0.25580092356458844
-0.09247584481361089
0.06814291117415298
0.11532784541305922
0.1333969022237451
0.09483489104839099
-0.010893775296979033
0.08937480621190139
0.27068317914983936
0.016138056276705046
-0.07875154910782906
-0.19000999798628257
-0.009559099853272955
0.10368863201931285
-0.15705711833282077
-0.05727704438429507
0.07487171725387322
0.06096274588757886
-0.21564329053072298
-0.03385485994858113
-0.09628297761363679
-0.07443407206589137
-0.3097871905776579
-0.26191900602999113
0.3739075315527733
0.20561125011846906
0.03426541414666493
-0.2742084686803294
0.192709934761359
0.29576037715142073
-0.13038081317668898
0.05586791569808882
-0.10609102928408108
-0.239306207284581
-0.10985666095272505
0.3286204997699613
0.10972595262501703
0.08510581277945702
0.21472461274158702
-0.037580779572911026
0.15182991887817054
0.13808366402128536
-0.0381901001198771
-0.314352660473292
-0.04831223861170711
-0.09882961833295306
0.06739250566235108
0.35785471620075493
0.0075666578449170175
0.12142933252275508
-0.05141385068996096
-0.11361829739932693
0.10385131562351517
0.03203572350342915
-0.01378758288843094
0.29763953713603447
0.2237821625131431
-0.12508991957995932
-0.031443589661864994
-0.1946278033696188
-0.14808372835888747
-0.13005108043480662
-0.11961151336298516
0.07288989327882107
-0.30315875761426214
-0.10523329761904711
-0.048552683613255036
-0.19399791548160697
0.021232740173865054
0.16138677732297885
-0.18952181177304933
-0.24653622337810494
-0.055451055324957026
-0.3153728942249194
-0.027652074802135045
-0.20630381867126316
-0.00530548930906904
0.11725530748947459
-0.2548015847690118
-0.0824719006726008
-0.161760104942377
0.18816948892268104
0.33686355669486134
0.16282557130170083
-0.12979274218837888
-0.15661273730412073
0.12124802016689097
-0.053658315758298915
0.17441413578911516
-0.16023702137652682
-0.013289789488983045
0.01755044587240906
-0.1512339337762307
0.32219688166323385
0.09461490109392524
0.14964220478141696
0.09451838992064683
-0.1046400060943652
-0.19591681375146872
-0.15832551943616932
-0.12546624328731137
-0.1207061410477573
-0.015417207793686992
-0.123002748319497
-0.19415993317309765
-0.22404832840676495
-0.0454986939918348
-0.08995921289320678
-0.17600281287454503
-0.0822882306332728
0.020938273050437082
-0.00873944357341906
-0.24273411660665298
0.03818582661349285
-0.18289880047875867
0.015146342977460982
0.008586259646275058
0.11144280915861683
0.14991441456893737
-0.28920954278539956
-0.05360669584886113
-0.372637704121447
-0.025964912395820897
-0.08329758644751285
0.08253925894239487
-0.02827846362275097
0.32694487740699324
0.23187513554825634
-0.40188037508172264
0.055874420802812935
-0.04535837664032892
-0.06330520292955105
-0.06571313571893328
0.03478373196910299
-0.28688488191875133
0.05984406317727108
-0.069979619565393
0.12003182428460296
-0.03276389645360488
-0.07711728426991273
0.40629855168998513
0.11762034631096502
0.3086831275643328
0.020243986020098977
-0.24939055450536513
-0.18009150476183697
0.1031247487724851
0.04157920253613502
-0.023778701385675012
-0.1586464566777567
0.10263458697155906
-0.18077081792850289
-0.2596660408727715
0.03452283752477103
-0.15650672792555523
0.0015481532971110157
0.152260194012567
0.26762844283112136
0.12506095780726068
0.006979571813579012
-0.1277967099529351
0.1358637327974069
-0.09790316075130485
0.044743205137342916
0.17097008982480127
-0.060723528148575054
0.10478770997257295
0.12872857565631063
0.4026622983865054
0.22850075851520313
0.018919291349096982
-0.19337137616211747
-0.1772924003365285
-0.03703899343923497
0.09374904173836697
-0.22730767585456793
-0.2875062437585066
0.13334704731007355
-0.1516164167479917
-0.13894217805390263
0.05385795833165498
-0.03739599907783291
-0.17234485093347696
0.017970250869343004
0.13748024941868298
-0.049013756699597046
0.017470832631090977
0.1722586480852308
-0.022766320028288906
-0.021685656780346972
0.0365218250270991
-0.012488063829423067
-0.08237551741465914
0.04142602418827893
0.08551391905117907
0.03833351502825296
-0.111266043718679
0.019708392845587078
-0.16967864639249308
-0.2505959798377652
0.21689925080403513
-0.12610044574008927
0.021641009802736935
-0.03422389931540684
0.2150765880339112
0.10002308310827082
0.16722263987856922
0.2924935765259169
-0.29124628460920765
0.10777478271064898
-0.055615854526845115
-0.20855567266450722
-0.06559077507964892
0.030717146854430895
-0.043849373458102955
-0.1638649230847931
0.2053396769121452
0.2243459775279052
-0.08824194394436313
-0.23817723801753546
-0.09955612686799484
-0.04107429685130893
-0.07704079852570518
-0.01640059596605498
-0.16550829881862092
-0.09497570637592509
-0.04754441401446098
-0.13459456463192918
0.055552807404740966
-0.032369082177423084
-0.18209012916202447
0.21482772414619886
0.05477199664689513
0.04619080290692699
-0.10426493454719317
-0.00834194957843507
0.044088610386175044
-0.21181305916755339
0.5149865549535686
0.038329617735531
-0.07266219022723883
-0.07090377689089326
0.1977343288094088
0.02801189188819088
-0.37074494853896944
0.03922474220213504
-0.12373319950511907
0.03017620253404495
-0.09895540885387126
0.15252121270894875
0.14916436172539296
-0.38496674880447357
-0.19365716279927317
0.20715638324620497
-0.049550759709460906
-0.08273657710525906
0.16939219390069907
0.15135477403985534
0.10433204543647087
-0.16952191354754453
-0.3317705995636291
-0.06268592446163888
-0.17546135153076176
-0.11846382427934501
-0.04558352137087514
-0.04899900754652106
0.12214822750727691
0.09291965908668498
0.05117818503625908
-0.23350483026252714
-0.052823075287416844
0.018352034569983078
0.04735285435528494
0.008305630267412972
0.006254848065750995
0.10631618787841124
0.06761577511624876
0.019702684495678986
0.14997794124261685
-0.039486495864885
-0.323757009727982
0.13036137771315334
-0.13461071027182459
-0.13768638984075102
0.209177018120959
-0.064070794825139
-0.14794160183488306
0.19647699163564689
-0.00248713168036099
-0.14283609491144253
0.09066200567368299
0.0396096754511969
0.04619213415110502
0.1002154403998111
-0.0021418970089870574
-0.006643091543141047
0.1906174514733449
-0.16183202124365878
0.16005094771131473
-0.028192724304483028
0.024989644671400964
-0.019913898687748947
-0.07388354535984494
0.12961368144090726
-0.3833352442708877
-0.011976934514025005
-0.3798302931767981
0.05824484289663701
0.03531323839148899
0.045465293305594956
0.06282336040357304
-0.2750757214407268
0.029670975312905048
-0.04490756049287092
0.2958407118681366
-0.029244748016784963
-0.3044435272481461
-0.17366083156735906
0.22844034936247928
-0.11348942510898685
0.14173765105019961
0.2276514675858118
0.005509923365316929
0.28310061769354306
-0.063569479746701
0.04448651790987908
-0.05996466250488724
-0.08711272389986709
0.2963964395650655
0.37259997835112396
-0.14706067761015326
-0.19846497416233147
0.06198310629097314
-8.29417315294349e-06
-0.06522285452168895
0.10498974360040908
-0.2694889512657996
-0.17740715992828893
0.04986674343784702
-0.20705966499665493
0.18920558134303495
0.1384196069059053
0.018833184891254975
-0.04716919848769104
-0.023406200270386944
-0.2932204128747585
0.0300043300775791
-0.11736478303860136
-0.6267614429792128
-0.08126301950185084
-0.10936168646120126
-0.08936009550338109
-0.1447693724048525
0.44505998611916225
-0.10881857045981883
-0.12294588074376706
0.6481845521955167
-0.23924070309657514
0.19811590257951758
0.04326167515035094
0.13290567692409525
0.09761486700041698
-0.49692358586635577
-0.05320425345936499
0.1068354456770029
0.1020529130354589
-0.11957856416027095
0.3456779111447829
0.501468115067784
0.056206538238765
-0.11701927508658903
-0.28214730167269225
-0.09859708014809708
-0.07910958378941121
-0.25766469894297045
0.08751181626250286
0.08359725021254497
0.02734013487781304
0.06745760716465884
0.00371434305960697
-0.046162910968206954
0.0017741422651009115
-0.413655405652873
-0.5873009729843695
-0.04855082154512687
0.041332472323661086
0.11876217209331492
-0.04825674617467876
0.038643359133507076
-0.10603697530480927
0.036617637814615044
-0.01883839703083292
-0.39931554927174295
-0.1115812472567069
-0.030569328578452962
0.14992250266093113
-0.28785243542520894
-0.07695889205582279
-0.030571487971056816
-0.27757352822328446
-0.2154029676562461
-0.25884566987591623
0.05194253952353111
-0.021576760302580995
0.14972118449718724
-0.10069517374336288
0.017629679667725058
-0.28316755007584427
-0.22156807000038883
0.19087535983906462
-0.0044388723636189726
-0.12408665257015901
0.028651536220938932
-0.07870294527709895
-0.18562762460079746
0.13828270172975518
-0.32624538641248424
0.07327012214760503
-0.102282857906053
-0.25548292765460945
0.0019171490613429445
-0.14133701173395904
0.163743076503573
-0.018902251812506963
-0.27315739933546535
0.028722871411257157
0.15183805733733477
-0.06017495673831518
-0.16805907848609705
-0.02716864730756092
0.2681975543061396
-0.15787896161978093
-0.23775914207898477
0.09525346395670917
-0.25697394629549164
0.0202372642360269
0.013557430774160979
-0.06515767540800885
0.19734069699998144
-0.28265885048007966
-0.03027567509022699
0.20092041989665893
0.010687718943694989
0.09023751459574096
-0.04250566453982304
0.1198955678417093
-0.2413616427952786
-0.40184526300111684
0.27568466237458467
0.09096820904221686
-0.36698156713654245
0.09432897393796505
0.2456795633710884
-0.2336736525950195
0.3960332254343981
0.0056084226943810414
-0.045602540310113064
0.11944333996203496
-0.1822921711334769
0.09210430306191109
-0.1698680608555032
0.15889749156448668
-0.2768405646591824
-0.09033700023530519
0.19951170743427732
-0.08529863882749501
-0.14544875216048303
-0.027629741552186986
0.04227234257250094
0.08885459510458266
0.09947760684728325
-0.31799742292849864
0.04127586404090493
-0.043926413022141196
0.055420201467084915
0.22664222016293048
0.03549286328091103
0.07831973230915881
0.11024012208490502
0.2103231793330005
0.016577904660847086
-0.09498254830089506
-0.23596829304213282
-0.12269181840981871
0.2726555335615539
0.1492896417817968
-0.13920390249696551
-0.05704227324478892
-0.08653816478806889
0.003776287610930946
0.19361648247071056
0.11554794167816512
0.24523002208507083
-0.18437150949080947
-0.11213237166538498
0.33002404078804554
0.20182208101293114
-0.11124278180788928
0.06493238111335531
0.09994523701935325
-0.07494763479354478
0.06715153872729916
0.11467490818799501
0.09506538376004511
-0.25619109408723645
0.07937401594887115
-0.14360248657862326
-0.09527598590115498
-0.16813320010320318
-0.08104763515978315
-0.24481374852489476
-0.29578036031086863
0.039013542631294945
-0.5416632021810679
0.10653363364156902
-0.028828756777010932
-0.1830857311244086
-0.13669295701783904
-0.22428769686035335
-0.08574677523740695
-0.406035240553218
-0.273569210262543
-0.0943272934009328
-0.3150523510938711
-0.19235269690048085
0.2046309594865785
0.00882625309881695
-0.27137026501747263
-0.27174432699041523
0.06416288140137895
0.14421723370390732
-0.04064261442370314
0.07893427081911925
-0.05920792529965095
0.014368098561996924
0.08781911315546903
-0.06788229924983114
-0.1976255087598589
-0.1487590276572729
0.08336583751671896
0.01006077853500899
0.2937006631892275
0.1493748019425811
-0.030361297099445038
0.09700570749413893
-0.23149430805240337
-0.16283109084261477
-0.009446977087781033
-0.10455945041454469
0.15177495229325474
-0.06758795637878713
0.03182596710074701
0.47779195182092
-0.017619952480837055
0.06505079639558314
0.12099132307738118
-0.1600386600638271
-0.19592868075414704
-0.17663182050055937
0.048824819733450944
-0.12410826708121493
-0.06365440343632306
-0.033581173700838955
-0.15842421923436856
-0.16029714689675084
-0.04395753129355712
0.0924811704937409
-0.23754176999733262
-0.17960325443185907
-0.1185102051026631
0.03674452521472704
0.11754194000936329
-0.004195837886977008
0.06785553978811514
-0.16348137320517275
-0.14776867603683932
-0.1859113036234775
-0.1153408448800369
0.33938510876150085
0.0380559445938911
-0.14999501740001892
-0.2700082867645195
-0.25996395722590937
0.11457685571080471
-0.14394084586644523
-0.07630172338909498
0.1113256252767049
0.0971525661352388
-0.06145980438924108
-0.13738527490151295
0.0027913251365190247
-0.1124023042487029
-0.18342290628389693
-0.2727397029241432
-0.018035080876075037
-0.007089940676156942
-0.0019649837668390315
0.27710290323365017
-0.14979445680534298
0.22090354519465555
0.3705493732710502
-0.09896794748554144
0.08627107162118273
0.08805742693341892
-0.17386906773845096
0.09637269983983904
0.05847713577712319
-0.08707581273785492
0.017307521329478933
-0.13136516447555438
-0.061474642929799046
0.006840530248090953
0.15392593574712535
0.027960064286991052
-0.06947059034732708
-0.06680528359336699
-0.05272902513662105
-0.28317971934174635
0.11562833658535518
0.3373950092609428
0.016332773906447006
0.09699863587617931
-0.16291553921855556
-0.33182701054457225
-0.03262470073273089
0.1516956864309713
-0.16050969650010966
0.04886567618683675
0.25574902662317284
-0.018487259177153013
-0.14514980981768283
-0.051158053389579024
-0.22644721043297303
-0.05960174452498896
0.07259289302842521
-0.36551260548838255
-0.026134003092262912
-0.016998645144345
-0.04238331858901113
0.2628007393998399
0.04306171644526304
-0.08352252953314915
-0.01667008966023511
-0.11520791267356896
-0.18459029215335673
0.002863545072556966
-0.0859957035678871
-0.09336319194321885
0.17322808367463263
0.050211471030867094
-0.19628879846786065
0.12816227105056302
0.09423933009626935
0.09439973218792087
0.4467189619638479
0.22776353787726908
0.2009596601852548
-0.043109274728272994
-0.13877584064447526
-0.050922808547851084
0.17317803315862498
0.29031896143958436
-0.061349705710588974
-0.23642534755091876
-0.20489425663515523
-0.10781872029731897
-0.3659802748801011
0.1589477519079248
-0.16081398024951982
-0.10537155081257676
0.14388797545377507
0.09081785662027302
0.07760859727531104
-0.2975446457949286
0.14056616427624688
-0.058549665203152926
0.3513999250119705
-0.004822383144806981
0.04565842540187501
0.11365199993605322
-0.07449468804322691
0.21980991956640902
-0.25470143291676933
0.11123278191557477
0.13043762920920887
-0.3023962981091119
-0.19440512563245724
0.09323223068053499
-0.011325667328353021
-0.24817574904529852
-0.09158183015533516
-0.097253140201555
-0.2551827440008615
0.13470051296955515
-0.05701619182688311
0.1120908331283672
-0.0016201003297810347
-0.24792483916097519
0.4087101967819369
0.19241267527117514
0.006004115944175051
-0.031532721088809064
-0.1625691408921752
-0.12311219151144277
0.11193284318078299
-0.08754659492019137
-0.17099799108611313
0.06353062517126928
-0.10430204859105321
-0.34383373575385573
-0.03119176049517299
0.08885077717343509
-0.14214051999893076
0.35989075653099606
0.06372902105851705
0.07092122842770911
0.1678466874609366
0.02192890085996301
0.177742946228953
-0.12584985332930326
-0.07698360425781714
0.05391010907139899
-0.08608258373692682
-0.201564915562855
-0.09278254479148307
-0.20323841016093772
-0.11470303187644527
-0.10458795048925291
0.25364488460456275
-0.019029587611996888
-0.3595254361815363
-0.14595206186321344
-0.41129951204244797
0.1410773664171447
0.21067414343211102
-0.011221631375069006
-0.00519504066105101
-0.19357768725542163
-0.058725980634012964
0.18419499829749517
-0.08100041500912697
-0.1282427958989766
-0.07263986423625297
-0.09616065619853885
0.036053877138115045
-0.05294553710007898
-0.05636411433500895
0.031727047848127035
-0.11878216640845289
-0.17411177831572097
0.16270826198008354
-0.15753125714220342
0.18715927286206893
0.03265493806024108
-0.0961059840201749
0.010958272409426968
-0.4817211142442474
-0.006654891973325008
0.08048905534307901
0.1996979843314377
0.13250683226063156
-0.15027814421898533
0.06639335211564698
0.24875278853794144
-0.09174275760366524
0.20314739385513855
-0.12381384420364312
-0.1604772032953047
0.08914977495310922
-0.18948550318313387
0.40783564975268705
-0.12283689499766075
-0.0292196999126349
0.1597407058200168
0.032771214998581134
-0.13584533662838694
-0.04730976688450113
0.004396634365536977
-0.1398069947781669
0.016860545937353075
-0.10978871427907716
0.23949768061699112
-0.15149986390763862
-0.06033637003928714
-0.041653320056587055
-0.017133917440909054
0.08540763947372483
-0.190615936483197
0.15174418370614332
0.04480891719339686
0.20746262466794113
0.021782041854621095
-0.3686325771961452
-0.08913574798181495
-0.2746522331510315
0.11153149147854478
0.06984898660485511
0.11676438425491893
0.2972613967341467
-0.111383278063325
0.21276960687409102
-0.09807161515389475
-0.098356214030157
-0.023062209064189047
0.15182234303815742
0.060625148193870965
-0.09252736085468305
-0.027524205962200968
-0.03106849505330296
0.11810823537368072
-0.010238400586594932
-0.022389492508911
-0.2771229974785411
0.19399157149640286
0.16806203036275708
-0.015425086118949032
0.12890878506985515
-0.022198363891782886
-0.00943428309876693
0.133055721284101
-0.021367833053684993
0.010661865200583008
0.017571649317083052
-0.29632331235636244
0.1399419037688288
-0.17515596996564495
-0.1840544664363031
0.021131767374795035
-0.14936624282675426
-0.12121072476599684
-0.09950537186780477
-0.02211200411196295
-0.02699730427224102
-0.0005206509022190177
-0.32587511271655656
-0.10389354438862092
-0.017621831762606982
0.018428532250199026
-0.14449904361128735
-0.024029224438425017
0.28718923567951327
-0.1720363442459568
-0.06291963278502306
-0.06252363994664116
-0.017561207537167
0.03072193933834102
-0.11483853573121112
-0.18423919066572353
-0.32382123352542397
0.016955402285837026
0.032956036507781
0.3289661798521273
-0.06398974554761698
-0.535215845951748
0.16759973223988284
-0.053884653322299074
-0.09163235709206716
0.09407367263617697
-0.129578250494477
-0.09460446352212708
0.21046413433635155
0.08757824633018296
-0.13551946061147535
0.11660391538824744
0.2499495055635043
0.033198510514957015
0.17231296952503905
-0.04454579202358107
-0.009508285801764953
0.04757643635091491
-0.00859342097319701
0.2654254031226927
-0.21924060416838917
-0.04544571649751115
-0.06790101062398088
-0.1818770459173953
-0.011340527089344967
0.13571888107893518
-0.08006608768983486
0.058025836506535096
0.08310039777986714
-0.22312529644488302
0.007440291613602997
-0.2313804252231779
-0.13850190664922737
-0.06708396031436904
0.10106009262381123
-0.34346652063793104
-0.11534092068419673
0.24282765712437493
-0.08999649830513504
0.36057363374490925
-0.04551373633111694
-0.1767535888317731
-0.3465006858441764
-0.3178657445066047
0.1431712157322853
-0.026756563922350887
0.0343612850048089
0.088612830287643
0.086788123738311
-0.04183778454508506
-0.15210636459285956
-0.24519031754962337
-0.13633716491308528
0.25125731400260376
-0.04220725306663303
0.08472577312595508
-0.015542557522992963
-0.14077295272187904
0.31910097150491523
-0.010269946182146984
0.1981679485526589
0.2664558835244882
0.010492257782484997
0.07164718076485498
0.10437113534785893
0.0025251566448549357
0.1932902635972395
0.18713690091906832
-0.017831034579310904
-0.02604004678028307
0.05905975016728709
0.07084024854402898
-0.0823945011015749
-0.29832239807399646
-0.04673604057360872
0.2616945166310734
-0.08513017292359697
-0.03944474560078077
-0.30011039570435283
-0.07870746090320503
-0.07648232364022695
-0.015932278609720987
-0.2434845469992813
-0.2914017984214725
0.2483764936363075
0.010195434862216957
0.10691800508354674
-0.07730362747327689
0.21112011281979495
0.08007529956702111
-0.016491221249450957
0.08607024182717268
0.04359296704658887
0.09258282858686692
-0.07513901187691066
-0.012870528747414995
-0.2192470573287371
-0.04328595759729493
-0.3554227639076003
-0.2087692234433509
0.18575334165922466
0.05376879309595699
0.11006325022641715
0.06494360946132303
0.072457224595175
-0.0984520474200071
-0.09686572141933497
0.09057486011988326
0.06123300840663511
0.08019472474227307
0.3364085640390059
-0.12476996770925129
-0.133643450086107
0.015705245873987007
0.10748084561824932
0.32735586065684125
-0.31595190955982316
-0.07547951099600296
-0.03428582542059701
-0.2180712774456352
0.022905533661850996
0.14907039691298127
0.1374237685843071
0.006982934056573025
-0.003983973651598933
0.050562618800214995
0.009448902775197008
-0.09742118526501324
0.03540622302723291
0.19397430793756096
0.24938977526911865
-0.05796571999407909
-0.20792807841091895
-0.15609395559940709
0.3441427906652277
-0.012224252788314878
-0.11573263676682692
-0.20789376623841466
0.06676863024727264
0.3551465604393982
-0.024835602118001072
-0.09500995920029491
-0.1739866287368751
0.3217932520433865
-0.12477144551681693
0.23746672618140727
0.10581801861243122
-0.12649413860086134
0.027895390260693115
0.24835027533173562
0.33479751138695274
-0.03425246003750499
-0.036633152410370996
0.049929202729449056
0.2646617827335287
-0.05810271865778498
0.027377286682835046
-0.16419049663550356
-0.0010046416134050142
0.14384548095336708
-0.04574442537454104
0.058808927042814874
0.17151291501769877
-0.030592219757516987
-0.050821000912368866
0.19086993148448464
0.04898105076350699
-0.20136334169796716
-0.40955865921493473
-0.21624415911471098
-0.0826753783580651
-0.22814376039004483
-0.10479146214656898
0.23873623444185907
0.0203461746634791
-0.05635419386264493
0.28213642282285006
0.31506624482827866
0.06149246204052899
-0.10480417637005499
-0.1333216921982874
-0.03199608424023704
0.013392597888631074
-0.2615771672949473
0.025284538487846914
0.3402273001771754
-0.22611528886544072
-0.00436076103156503
0.05388795341605908
-0.14320587782624503
-0.04207657431304109
-0.09191008039381095
-0.031103664030203013
-0.07549265062337095
0.13974730595144969
-0.014361130106873005
0.06380872513330699
-0.07493996872396917
0.004624914667220975
-0.08110592038355494
-0.06709025723510896
0.5076849057169199
0.22079374138963095
0.07116562035217905
0.14296108239978894
-0.05978331490763693
0.0726457587796768
0.04568309559233103
-0.25116944126615626
0.29814368391694757
0.30005171542474945
-0.05361150503081103
-0.17444963590212884
-0.20864836218343502
-0.10281106715762892
-0.09884829406254524
0.28565578586810436
0.009049600804264977
-0.2638263924454701
-0.1695501547884033
-0.3259836607690646
-0.04581210970754103
-0.11043011626782293
-0.26196724378237846
4.7713031029031357e-05
-0.12760003390893904
-0.2752900145923657
0.13698653849957915
0.33156037676466504
0.2967025949507723
0.03500274297644899
-0.4120418696268548
-0.08353008141562711
0.5388536310275834
0.201966205276149
-0.3913844936949113
-0.06620813003778694
-0.11613297416299855
-0.04761506508904287
-0.08272794990970682
-0.1713758590125845
-0.11338213432267503
0.05890230315664713
0.05114771965878508
-0.22077155957316472
0.07125481081381879
-0.25536824820239346
0.08336619466205522
-0.10082001800975693
-0.06224698259158881
0.2064792798223764
-0.13052443177001377
0.10527627974224892
0.12389002746085306
-0.19584148304319113
-0.2024500113887649
0.10377442196304891
0.0672934998700749
0.033095019600665035
-0.22431271622170745
0.2339715796176991
-0.045747391989342995
-0.11050108781546324
0.10074169135107712
-0.07486315934038869
0.07949505531300699
-0.24193552347376882
0.03246037123736095
0.07237735072287485
-0.1982257653803429
0.12377052526059494
0.09593844897379068
-0.26834259608595956
0.03502730871451901
0.05660243945286507
0.013278436508964958
-0.12254725125813687
-0.068209329899131
-0.0008749748339009818
0.2343991262433329
0.2906516656401668
-0.08931767209178726
-0.03545961210380307
-0.11531660762629295
0.022088844834585016
-0.16991278814086486
0.006818991965718998
0.2067959232421887
0.029147388537166925
0.24152199552897877
0.18398966985876244
0.29311796923116407
0.3303425985495161
-0.1297177083373233
0.07221444331009305
0.01246692082594101
-0.030062931422929023
-0.14176828846110803
0.0019395506480729687
0.11104170134811724
-0.12458211805807905
-0.07280724960998308
-0.27552030702647246
0.052376583040323034
-0.06143878481372709
-0.01148920247572099
0.10774004067467921
-0.03647263432800703
-0.043637711297732924
-0.12498447565888231
-0.4148359855318859
0.010245075261299034
-0.06724214999541309
0.05748107694914506
0.30913773466921624
-0.32082305421446733
-0.037644458046980904
0.17482338004907946
0.0030723940775409905
-0.28760088961142793
0.03481689423029691
-0.09543726146622487
0.03273272603086484
0.029301161781837053
-0.2157848239909949
0.1244982685829969
-0.10711436603749724
-0.1843155352557013
-0.07564998152963097
-0.05798540724837896
0.10129288873821132
0.03155531153431089
0.001105028170818987
-0.11432450958916097
0.23203318617363505
0.1286266415205933
-0.16840658882507287
0.1167560097303567
-0.12022141962289698
0.13959987494618942
-0.07003355783482103
0.10565132098736683
0.15961810376644858
-0.10423041908025119
-0.1348216955998769
0.013097292454912974
-0.008258067744661061
0.034545717678690996
0.4023310262201183
0.12047569069663304
0.2040983369606811
-0.046321036244608975
0.03661194151237897
-0.025170967995344996
0.00950501369953902
0.025403843746392984
-0.21338747462452307
-0.03226538159452698
-0.022283966057439
0.2954221130645448
-0.048925385853690946
0.00873362651541697
0.236069922562169
0.1481171179717088
0.04106551376606887
-0.17806434398868473
0.02277035313874307
-0.22583424137111857
0.028760008562699047
0.26802542920845973
-0.2923016690313958
-0.16846582441818111
-0.02980166044750506
-0.01809798539188902
0.034930412512437205
-0.02566693598877888
-0.1465716832968647
-0.15357680778302704
0.21616014112609658
0.25151801649715794
-0.03822897354923503
0.008016877234957026
0.3225730899424229
-0.4411687942258928
-0.2716507555881309
0.078033767236905
0.17059065876422042
0.22028405137158863
0.037146544259128896
0.14660470308505452
-0.2128232680004652
0.20983434578750723
0.07589699321698704
-0.18762757879164074
-0.37227240008072016
0.010831302808962955
0.13918419241051883
-0.39252414739947467
-0.0051559552210590255
0.2052561985164288
-0.21498023547540646
-0.00017255433903902526
0.18736994807139068
-0.0044011874793470265
0.3527543873331155
0.08538551215942283
-0.06673117690959121
0.1756852979505485
0.03230528930816104
-0.23462040055913935
0.07222559154248502
0.23870757373025656
0.042006546135487
0.2642698938510356
0.017623716088144975
-0.30447380510514954
0.24306884957149083
-0.12782316494585078
-0.02511412135667296
0.271047397358979
0.08472492800723892
0.15521067530771748
-0.13327364367387087
0.2913034919933181
0.1971822957365326
0.20486854612432473
-0.10694254626602895
0.009030265621312985
0.36446722419584626
0.12932535912834522
0.06795546286378285
0.06996432051227888
-0.14262500256364882
-0.30568394750635713
0.17529188028373965
-0.005936038510426959
-0.019079552332552957
-0.1494285419337297
0.10169003192593505
0.1598034633543617
0.059815483695338956
-0.2510466248542253
-0.15255496603544855
-0.1369770700168028
-0.2060140019727967
0.04914304064708495
-0.5286941734740584
0.0024433703433149345
-0.22398935982228696
0.033197143490294956
-0.23739008646800738
-0.2473278418118893
-0.25890440557800726
-0.3728291746151927
0.1822877571925108
0.01326850843208498
0.1316337951098506
-0.19744633214904603
0.23561442473997526
0.09559519637777877
-0.16435650111005556
-0.41168826493712546
-0.07683947612135118
-0.2408007368588092
-0.3316796502575668
-0.057785719446920986
-0.0658347534208851
0.19181777424475058
0.040491552452833104
0.06496413697931483
0.058516724097573
0.07487078090376124
-0.19387809681870322
0.013587294535121046
-0.09854134054433894
0.052168377112589
0.19396831808498688
0.029815560865100947
0.03672031008042493
0.08546413197039307
0.07621660339510701
-0.017119602386281043
-0.23510437567279927
0.100873803015913
0.13528509120010265
-0.47380112265933727
-0.17902722836912108
-0.06815670425058874
-0.14114936208864934
-0.425604611253648
0.08788413140245277
-0.011473875671094964
-0.19185752552086285
-0.0013239701214470111
0.27305009791408125
0.13193339161068054
-0.4434287227112425
0.2647171012916753
0.22609097399159528
0.16572326586115946
-0.11155069477496676
-0.18471219957196106
-0.06278200250877702
0.2538382818655182
0.28525779813967833
-0.14643581608164258
-0.07192257422241291
-0.03421023892001497
0.039794665862272864
-0.19477894575940125
-0.2996395163502899
-0.16033040491533265
-0.1257596490137735
-0.11928325052845926
-0.19810784953563687
-0.023493902265419028
0.1719466138531312
0.015907182133250965
0.16569333953447146
0.22523154706202947
0.04653470017557492
0.006431075055482988
-0.0011398062055229447
-0.22298659979764857
0.07628606542945537
-0.051986790122721116
0.0655713837339992
0.15977915046911514
0.08629274218219675
-0.134272575190677
-0.006270861151454969
-0.12302531900768304
-0.4014028302234624
0.24086755358661838
-0.07161169337464103
0.1411887736895487
0.15716917583103152
0.1672592284992993
-0.222109318326409
-0.14245659467282684
0.21505829223181727
-0.07145721069043695
-0.37118516538441276
-0.017247874611213115
-0.12473691638310666
-0.5008164768160489
0.16370487192610733
0.007206896200151028
0.21529131642666477
0.04984224554116499
0.17165852662556091
-0.05452279701133087
-0.1779737612193832
0.20729800859282724
-0.11122934180983109
0.11061434731235491
-0.33007664742780596
-0.20439608293715664
0.24654566815043097
-0.037280713207503195
-0.10875950262223114
0.058509324412907016
0.028282011137715075
-0.008049767194608964
0.07334584412817097
-0.04770482244423071
0.14064020701633265
0.16610553312939047
0.36122617119219314
0.016361965010840952
-0.29393679483070495
0.12397641494097666
0.04460719097858293
-0.10857269529289516
0.13264519523139479
-0.21893621537166102
-0.027351825021945046
0.22628872720476134
0.2664539184147794
0.18040853172409899
-0.10799977002347692
0.4307950090403858
-0.0008257895884269514
0.056369653904581166
0.09723668204230695
-0.08697684225511702
-0.1492542504922132
-0.02192359744284099
0.2454278820813854
0.14118792083043333
-0.0660246864752029
-0.1047835475997069
0.1931334668921849
0.12565891519927486
0.38556539305313847
-0.08219310938446676
-0.2502670133317168
-0.215193476390493
-0.2087067689727434
0.3597358052714414
0.11669301773838067
-0.04673405310596309
-0.19928690231527563
0.07639855394971096
-0.16505901988480742
-0.1795409596731673
0.40537498190268384
0.21086174715957468
-0.06223369885018719
-0.1305528670950428
0.1483994345212511
0.0008105527750109714
0.08702892272405306
0.2965862869712854
0.38465459058525475
-0.13270823068638907
-0.0010501524910909823
0.07036025394214508
-0.05781555326155918
0.2890119274531779
0.12219471381507523
-0.16017337485351918
0.06995890381593084
0.2085616747750731
-0.25595383841306396
0.047039458901400974
-0.1178083517679951
0.10772070889959504
0.22454909164865286
0.018184227738946936
-0.029253354129993032
-0.04481118877266099
0.21765747591526868
-0.3244855439940788
-0.1864913144504211
0.03935803542810111
-0.19973831679053874
-0.12193988137717929
-0.15434233942929904
0.2324822567094853
-0.06993553438270088
-0.15357524875928863
0.26992094159400876
0.07801726712056473
-0.12093393710020905
-0.13248699273754888
0.252091091097949
0.1345539166799167
-0.2110006996211351
-0.060796978268047266
0.10716728692880495
-0.07001644211776281
0.2705548977651077
0.06770346804585894
-0.06203298826103103
0.08637524311700492
-0.08137734791070075
0.15092764735969358
-0.18337578049502712
0.009402346880482994
0.22591817483139856
-0.04682733581957102
0.010183371322759007
-0.11389178906666893
-0.24538122331608192
0.06443240814193718
-0.14688721569262855
0.1893560683768832
0.2687534115709756
-0.28352830249826577
0.4009459092858904
0.18671756284545302
0.22370035823522844
0.151095967108529
0.054573080641284875
0.389862593629433
-0.24658348998128732
0.03188343661833904
-0.17546585319092517
-0.42100728476651395
0.22139542195232276
0.03799838341913499
-0.10147281975637686
0.0322288391343109
-0.04617126344373106
0.005640394882906973
0.21781373813686927
-0.134891002500589
-0.005903421992737054
0.08133992717600881
-0.17101097840652296
0.08452964178967512
-6.407541077097393e-05
0.15345643420460084
-0.08990987208479308
-0.3364124421275338
-0.39836409573243065
0.07101729513664724
-0.10786107417449299
-0.22747292919070503
0.2516135253441325
0.1017232662390172
0.15132683608198902
-0.06404297880570102
0.1987858713955351
0.1922585618768533
0.12685331581241535
-0.05652303130525893
-0.2903302177594366
-0.09379727060674331
-0.00602385121110701
-0.15347708928697715
-0.2743332175919192
-0.0046051294461310205
-0.14614763779515147
-0.23810046804579157
0.12340986074074882
0.09527679088849131
-0.1955459461849749
0.1639292590362291
0.0676513281950031
-0.3335532627072721
-0.25121303470152434
-0.07188400851804512
0.21063305719654285
0.02961399733900481
0.02036609348281293
-0.303051320859806
0.010493266215116983
0.027360273751636938
-0.15785644800355664
0.007407985368203069
-0.25967609505409067
0.18057052915095526
0.03061489868617292
-0.12367906721896316
-0.04438370057213908
0.2487435313108691
-0.24170296393621918
0.026182498457496955
0.12886818555979743
0.05766341524476284
0.21231374797368288
-0.28680536179575356
0.07875685312315116
0.07659143371524307
0.3195228550274564
0.21696404849489714
0.14391808770613884
0.12210780949762313
-0.06914245296083502
0.010891398346138989
0.23998060188484313
0.07533037523909913
0.22073363884040548
-0.07502949399626697
0.15951629390272698
0.31109187322020904
-0.1794150866762107
0.02300543751481702
-0.01026164780857102
0.41830691178201584
-0.010144695076748887
0.18434716749707863
0.1261717233576388
-0.033278287196751015
-0.04889652973454693
-0.33450442728234214
0.09656139231537098
-0.20690152174898244
-0.061114842743175024
-0.02531544399342702
-0.03519196177839701
-0.03070945594003301
-0.08912254920046081
0.23057772023984877
-0.109296269274061
0.003252461787517063
0.059099436117872876
-0.12487439500347523
-0.2750686760412396
-0.12539420179282892
0.04552563222320689
-0.09568654234845697
-0.1364835610443951
0.07281289647966675
0.1659295087297067
-0.12088765684383675
0.08282744612801117
-0.026717236476677
-0.1939031797446791
-0.3914283938478924
0.1216325542740708
0.15588553501479707
-0.22683096716001527
-0.1566520454348711
0.031428430674910864
0.008555302485730996
0.011328285621300989
0.36251228197992047
0.032264482106518985
0.21622564198276886
-0.027677239961520994
0.04056335164001905
0.09011053708417101
0.07353335451953294
0.23876897224305316
0.05055306694917297
-0.15756008927691253
-0.3479283706284892
-0.050514283448154826
-0.06776161920919886
0.235473450765361
0.04817272125566098
-0.17862864281901863
-0.05624261033657094
-0.09550419344327314
0.2462962661146555
0.10642153652063702
0.12223459588279113
0.24508337468089916
-0.21502221866772533
0.19700664168110651
0.27486783120478087
-0.1710511585084206
-0.030591258181082978
0.02542390855718099
0.22688297656162076
0.15675904590208706
0.016909561481535013
0.11574711692300503
-0.04387209454374291
-0.057739224219815095
0.16312061361156902
0.14679854136869508
0.17381953354683927
0.1797108430890212
-0.1299557797609182
0.1653010328885747
0.3035692420197152
0.006589256040470972
-0.02473698625971086
-0.237897280628675
0.009215145705558968
-0.09966109634360908
-0.08788702308208317
0.008562282005976984
0.2334178607213714
0.18599025941526465
-0.20459969576915848
-0.030959188327218966
-0.15226951687353885
-0.12089096950251878
-0.14328094220420518
0.08444960394484902
0.07128809307069521
-0.28080052422237356
0.02647928630980302
0.12039782411926295
0.12224887382925921
0.16758510890371292
0.02355952399084697
0.03264102395409103
-0.0840155002593511
-0.12358037667971505
-0.08938749560514704
0.2314610489117814
0.1476302760311006
-0.10405199740046511
0.07557727565092091
0.2253713914456668
0.08603914052375915
0.018002794305625076
0.04433213631878089
0.14059246692156904
-0.12960078323533503
0.027075144624529
-0.17843597182993912
-0.04895931101922894
0.08145057317002118
-0.37144615090404265
0.329462983574756
-0.11975672480612692
0.21786534482581307
0.07533611017119307
0.15903831553968895
0.11549582926025916
-0.25412512929256265
-0.22311324860804838
-0.11629087193397122
-0.029223036800661097
-0.6173240427003139
-0.03352615771301103
-0.25409319854606927
-0.11237673668345906
-0.3127812076693484
-0.1932719853611208
0.030924888124005016
-0.034839460581868965
0.016431181682964938
-0.02909266180693506
0.15860254904737522
0.11457735909110521
-0.00965463919526307
-0.04591324525544907
0.06489279214902313
0.030714382629568954
0.3388908910789509
-0.3393521137976222
-0.08110976648193696
-0.3094423354696454
-0.2621069591469626
0.18535408977409143
-0.19115722505986074
0.3207329467073249
0.08626612472125106
0.00402314090971699
-0.0879700857511529
0.13242879994567885
0.0029078778505069827
-0.16591116763431446
0.18106140991964534
0.12188523128099313
-0.10923217108685901
-0.026278794070127023
0.16451917425107718
-0.08541209391646097
-0.09484817930252307
0.010362505958167042
0.22660507529238674
-0.18152684761594903
-0.015566224191419007
0.21810688771215914
0.22006565681493767
0.12859515667563243
-0.22151234727222902
0.1669830236311173
-0.01749739270085291
-0.18171833013398705
0.09014781099449089
-0.028978375022986988
-0.20437257053432753
0.17276801941597722
0.09509711925872696
-0.058806093006062876
-0.22990094894394125
-0.13837852936452902
0.12032686289339917
-0.124708579343657
-0.0865041770270072
0.12704073163549318
0.22358275225491703
0.12927536659950675
-0.01008721123402499
0.08265607985565107
-0.11235223116298913
-0.4194033294890529
0.23462794533830686
0.14495571785441663
-0.008703826833699023
0.1532611069575477
0.3189825993971639
0.07182520210579915
0.03809559503827898
0.15995575101013332
-0.013497152643112966
0.3311247252276183
0.06977039462688482
0.06957408887572256
-0.0898672508344112
-0.14561962862680353
-0.268542580050435
-0.12892613020870522
-0.0622561131040069
-0.026986615964205082
0.11321249665683886
-0.12118192417411298
0.15369575892118428
-0.1388987679214891
0.14614469185500495
-0.027021325448186896
-0.05250112918773689
0.021149658798995056
-0.34016134166857104
0.28522610952654665
0.15308860593745088
-0.038538825057695056
-0.06468638041407894
0.05141203423044318
0.02867862151379907
0.01439973405852502
0.031231744216642966
-0.060923829367681044
2.3293100155030708e-05
0.15741897992699705
0.1065363983846034
-0.15155699521707275
-0.008644286135798974
0.1840106004993173
-0.14517120824956528
-0.3104999872864431
-0.05207420156114694
-0.3547096439529735
-0.0886330934418528
-0.058895514387412994
-0.13351837586483914
-0.08800586788448096
0.16016090744189282
-0.03705229839564308
-0.14488378461827273
0.12829033902128748
-0.05170543575923107
0.21889290891860289
-0.013430148697741064
-0.004883729512708995
-0.049570528579584994
0.2125024278671533
0.12837541584617462
-0.13426519593424888
0.13027900444556698
-0.20742337237213082
-0.024091054555813018
-0.07985831166138482
-0.0752057026459192
0.11538926392129288
-0.20294757762462948
-0.11889540624573307
0.18500883233164128
0.08516229596474903
-0.14181713680565536
-0.01852866472532496
-0.10281385845276104
-0.18018336910002694
-0.08492424495140703
-0.12242855048972094
-0.2515048894196111
-0.1479644257339989
0.07616145469797705
0.24029145080518555
-0.09609092494126717
-0.16466614880333727
-0.0841476121657291
-0.09050884452016295
0.17223103795026673
-0.14040034106063287
-0.010378171638683036
0.06568753596321054
0.23432612267205294
0.14568172752548292
0.1424421486039488
0.043216101667338996
-0.3371383798109235
0.5331404522580528
0.17621368133042425
-0.1365543766306211
0.22346104942295877
0.21823277670553307
0.33281743629001054
0.25915291050582423
0.03494969906865322
-0.04646261154997302
0.28226397418519905
-0.2589939525999657
-0.12699536606341252
0.14580371319156285
0.2776389848281426
0.21420394025737266
-0.07631877085174905
0.435435995933671
-0.03722746043796108
-0.036320094045171065
-0.1519902004837769
-0.06044344527408692
0.1255236279656971
-0.0709264667967829
-0.13230037655179308
-0.4543980360781509
0.09616622479492086
0.1814447831892771
0.10970450212591505
0.003517853322317051
-0.08444135507913923
-0.23846241527589493
0.04016763126673306
-0.014305076539401074
-0.36158345187387
-0.056796219715253074
0.08278853843487292
0.2022493753416831
0.29085679815134363
0.1656141700207454
0.03559381797462106
-0.1442129340937629
-0.1836828055016849
0.19284261683917853
-0.01777669554455098
0.22099571815958685
0.12975059293504668
-0.06440688658441708
-0.13698196852903097
-0.10100085466998299
0.06490114577515525
-0.14708137359935544
-0.10106654184676482
-0.05714964883645313
0.015394931649471004
0.058878113897085055
0.19699356121354897
0.017076596174774975
-0.18709084665343922
-0.18382892890559094
-0.2670656599829493
-0.09963188953601107
0.06740803058368106
0.1523742747839551
-0.11925261927145119
0.050906797976651125
0.12532570282421263
-0.020015433392447
0.0933990181170189
-0.016741982699360912
0.3739704686109422
-0.2958126984853699
-0.18704011362781273
-0.12601305007579103
-0.055531008667684935
0.2687590162607354
-0.19246505215302265
0.3098221218894164
-0.06886642249806307
-0.029595117733611127
-0.18523747173939542
-0.26077917881175827
0.23145248487745446
-0.011998833397192998
0.010712933069252924
-0.203830720763765
0.002042242177413011
-0.07909031213997744
-0.10010835244806325
0.18822494344285115
-0.05692333924923314
-0.08457449633986898
-0.103106187855055
0.08158087597072101
0.1453108639449672
-0.09519811771971302
0.21164308789141725
0.2765447061479801
-0.009291241361983008
0.20411012455555083
0.10152992107764677
-0.12823678990269924
0.08921249997187103
0.17179179978635284
0.14036881250757688
0.20957240463554663
0.03529307631197302
0.22200824778323755
-0.019423109636576986
-0.27229018081701506
-0.06191995468213706
0.20812867746259522
0.1548816294720674
-0.16769947124781315
0.08360679042512692
0.0455304704434429
-0.15830591996829121
-0.011106462558453009
0.17294237995850076
0.21846091789542893
0.5153158359355865
0.04133628741422908
0.003993604615351047
0.20644240174593892
-0.0491990044732349
-0.020173883451245014
-0.2064371350944228
-0.05576997651299305
0.20199273920547522
0.16177533007937336
0.2737994598303852
0.06745468281602315
-0.06730983032814099
-0.08857651828158478
-0.31412363062476567
0.07327600721504321
0.24122145826463734
0.07592043551995886
-0.22930152959958683
0.021072130236855
-0.3539823072660922
-0.024864338303137088
0.2649275968895575
-0.1323178508024172
0.09934860453081314
-0.2264875058967471
0.26178651530080793
-0.0706523846841667
-0.08995838591318708
0.15254381505844747
0.13661788320379697
0.390469278232842
-0.0518393880267008
-0.24583224766048498
-0.09188180113356322
-0.1631391532987787
-0.11163040666147094
0.13908942783150308
-0.05341160292347705
-0.06928803368114299
-0.11447659264800522
-0.35899356670034915
-0.43320225694353465
-0.09690102284799487
-0.18937349380244128
0.2535216358769156
0.19438384449545693
-0.08249160749049284
-0.08749511318357905
-0.12983597693044657
0.1836445941555131
-0.05989980369805096
-0.02659374072685094
-0.2519948766880874
-0.04794924116568303
0.18003110717090104
0.24497224114492874
0.27539165132469234
-0.02132800899999088
0.007717367999259069
0.024144587107113005
-0.05739445804188291
0.15815933780605335
-0.036502101273721076
0.0011584794820150026
-0.00010710101018503344
0.30114218812289884
0.05903320431367491
-0.20644795865391274
-0.08237349108498912
-0.22236036908039492
0.3780796357434799
-0.09250087350139109
0.02868905912225106
-0.17038066182595896
0.014915532637708909
-0.17515890032546547
-0.05693752152160307
0.6368734275821838
0.02435969120894493
-0.227468721229211
-0.32349443072054856
-0.11216612803822308
-0.12174304198852891
0.11660653541026707
-0.18046120999148058
-0.07253209744274262
0.16424938329776861
0.06813102622841893
-0.029776253678657064
0.050315747582535125
-0.03990433643523698
0.06525379451062291
0.2991306144898238
-0.1210701171432311
-0.032238438183022904
-0.12011056784931268
-0.04710854570000306
-0.08080823127734703
-0.07362087264266932
-0.0007559296088929983
-0.19509292356315489
-0.20974409189476062
-0.23408629233197514
-0.10711927945127925
-0.018607454069237032
-0.1780417558582792
-0.1682109055986751
0.15185256126235105
0.027861883859662845
-0.45031325379217635
-0.27227833786263045
0.015144160753962991
0.0739700472977208
-0.15694087244906121
0.014492646984979037
0.3299666038693511
0.16354555188820258
0.17841877195258307
-0.2457429733924855
-0.2818107891840529
-0.010004739631108974
0.1451481810057789
0.2719549672004997
0.10030469807196522
-0.022603388333036954
-0.38990303754783473
-0.20961521035897934
-0.07167394655286122
0.4674450683694511
0.309600077745057
-0.2461016658923246
0.23630295429726092
-0.22953198224794905
-0.16207665508630847
-0.39184532116003007
-0.055376706324181034
0.31858567148345046
-0.27546773513826767
0.0006787424627770236
0.1890391434410233
0.23075998526002306
-0.2604876563818247
-0.14459551088665076
0.07045744833461112
-0.18267447176369916
0.008782788840736962
-0.13039727808339532
-0.04147699389695496
-0.08559547742472116
0.024590681914744963
-0.0793618120322754
-0.08066762448863503
0.06609005801372099
-0.012591777752599
0.1824002789117548
-0.1518981892984299
0.049618848584473074
-0.24691694232673544
0.03905966296032898
-0.07826846133799288
-0.11367567670981497
0.11192568705828113
-0.150860650230671
-0.07991606994611103
-0.39429818863610444
0.4246328612824121
-0.1346319169931468
-0.06623084749748495
0.18330715696634894
-0.3158688153564587
-0.24462075439839473
-0.30259979442784596
-0.08660619236590099
0.19196654145209086
0.4158732351056617
0.06907169945702683
-0.10117405812741485
-0.18241988281176127
-0.06579889122857892
0.034236746352389
0.14911146304471698
0.1500016604471675
0.15400207424212717
-0.03457585417369303
0.11118418343406321
0.10809569123644107
-0.27986810944289114
-0.1963329090373049
0.0924888342688591
0.18491458050647666
0.07496362829978521
-0.13850897179878868
-0.0851529379350231
-0.004732340489913014
-0.17592355331393722
0.15477059274069288
0.1508978259383295
0.2820712834463912
0.1960534988364093
0.17737170986814912
0.05378597857513495
-0.06342367156325514
0.026105605348042935
-0.031926468093721
-0.12335020814457524
-0.020928941819729013
0.009625584193504927
-0.13787501948487121
0.072008625846871
-0.0456600352665072
0.1704434883136509
-0.24002290858679462
-0.09511008614599085
0.047698293538569074
-0.265285752817791
0.1953478656762486
0.2539309158871153
0.10769507311052905
-0.15421459713333663
0.23695983799883943
0.2721031906569912
0.1977229156708626
0.24155311165291324
-0.1628629624107586
0.013091040376753016
-0.2606379640702797
-0.2423249337167231
-0.09835316816028919
-0.07259287995974907
0.1339360542025992
0.0539492694474191
0.1311157937261512
-0.04005829614472903
-0.10032799179108697
-0.044045963641093075
-0.13623622943152375
-0.03455764068223292
0.08035218403089052
0.016022362488572868
-0.13783775039221496
0.09818826231498698
0.174091874870685
-0.161991104298409
0.24746181557908084
0.14936729225345305
0.11779338266617914
0.03527308362479105
-0.07256178528173116
0.18893013941697454
-0.10341784515280292
-0.28659551973943304
-0.0037839664915069954
0.008965312615595022
-0.12062834151281686
-0.18068513041922904
-0.3916763567531807
-0.10529412938983904
-0.010314371059982926
0.20381725466407083
0.01811998741417302
0.02549008487485503
0.06161918592560904
0.10737220809761872
0.2705031200500707
0.10958355704816305
0.11886082779223511
-0.02407116510412501
0.1152316019878291
0.030214342035111016
-0.08832650456981324
0.06358383225846892
0.09604099285150669
0.1105450569385189
0.17871023647159723
0.1988652993242669
0.2057072583762009
0.061067245892700864
-0.02799629148842098
-0.07546495310189094
-0.1254911336581473
-0.259629629195678
-0.12081005163332323
0.3736719162108867
-0.09767969488536103
-0.06697915453015132
0.009492491523579085
-0.004414337675439032
0.16465878493462097
-0.2884467900915092
0.15814625433978902
-0.11577124890515321
0.0010193968083309635
-0.037264657744669014
-0.42542878695297276
0.12308290377904087
-0.2293130214594069
0.20444136549297323
0.09769993047541119
-0.4214659269216401
-0.07540336831685487
-0.08464981832680091
0.08183323332946305
0.035318661644247115
0.06092500836474899
0.04414647610001114
-0.012925804632291009
0.04401089748530112
0.15921384520685267
0.06766236886737904
-0.14497165144447366
-0.09798180344110899
-0.15470478805149493
-0.2042601638301831
0.032444247323983044
0.0872944158514409
-0.11855902543340893
0.06632262834708876
0.06816951160659297
-0.023752478041071015
-0.09196304158308109
-0.11902192590305309
-0.12259998683957495
0.11864832384939954
-0.03430564000160493
-0.08513059969806484
0.14429266717832098
-0.15851924213623442
-0.03401997867053917
0.09050914084982878
0.23450227690572303
0.28217230123166975
0.4133176949232456
0.12638556536409526
-0.18220497674269484
0.28963625151480543
0.18889680423193347
-0.08966995405266916
-0.22737935010154542
-0.4097365617965633
-0.00861517558150099
-0.08228316047033316
-0.25722831445132727
0.053783668388115026
-0.16625668470236266
0.05569076675510285
0.06393848095041473
0.014719124563031049
-0.10887492079146527
-0.125607389532519
-0.19876845381886707
-0.18552400667152483
0.10262337094432893
-0.06774167254080327
0.24545483267976098
0.3339225038592401
-0.01717214359530898
0.04112789842163893
0.4766613264522539
