0.0
0.0
0.0
0.0
0.0
0.0
0.0
0.0
0.0
0.0
0.0
0.0
0.0
0.0
0.0
0.0
0.0
0.0
0.0
0.0
0.0
0.0
0.0
0.0
0.0
0.0
0.0
0.0
0.0
0.0
0.0
0.0
0.0
0.0
0.0
0.0
0.0
0.0
0.0
0.0
0.0
0.0
0.0
0.0
0.0
0.0
0.0
0.0
0.0
0.0
0.0
0.0
0.0
0.0
0.0
0.0
0.0
0.0
0.0
0.0
0.0
0.0
0.0
0.0
0.0
0.0
0.0
0.0
0.0
0.0
0.0
0.0
0.0
0.0
0.0
0.0
0.0
0.0
0.0
0.0
0.0
0.0
0.0
0.0
0.0
0.0
0.0
0.0
0.0
0.0
0.0
0.0
0.0
0.0
0.0
0.0
0.0
0.0
0.0
0.0
0.0
0.0
0.0
0.0
0.0
0.0
0.0
0.0
0.0
0.0
0.0
0.0
0.0
0.0
0.0
0.0
0.0
0.0
0.0
0.0
0.0
0.0
0.0
0.0
0.0
0.0
0.0
0.0
0.0
0.0
0.0
0.0
0.0
0.0
0.0
0.0
0.0
0.0
0.0
0.0
0.0
0.0
0.0
0.0
0.0
0.0
0.0
0.0
0.0
0.0
0.0
0.0
0.0
0.0
0.0
0.0
0.0
0.0
0.0
0.0
0.0
0.0
0.0
0.0
0.0
0.0
0.0
0.0
0.0
0.0
0.0
0.0
0.0
0.0
0.0
0.0
0.0
0.0
0.0
0.0
0.0
0.0
0.0
0.0
0.0
0.0
0.0
0.0
0.0
0.0
0.0
0.0
0.0
0.0
0.0
0.0
0.0
0.0
0.0
0.0
0.0
0.0
0.0
0.0
0.0
0.0
0.0
0.0
0.0
0.0
0.0
0.0
0.0
0.0
0.0
0.0
0.0
0.0
0.0
0.0
0.0
0.0
0.0
0.0
0.0
0.0
0.0
0.0
0.0
0.0
0.0
0.0
0.0
0.0
0.0
0.0
0.0
0.0
0.0
0.0
0.0
0.0
0.0
0.0
0.0
0.0
0.0
0.0
0.0
0.0
0.0
0.0
0.0
0.0
0.0
0.0
0.0
0.0
0.0
0.0
0.0
0.0
0.0
0.0
0.0
0.0
0.0
0.0
0.0
0.0
0.0
0.0
0.0
0.0
0.0
0.0
0.0
0.0
0.0
0.0
0.0
0.0
0.0
0.0
0.0
0.0
0.0
0.0
0.0
0.0
0.0
0.0
0.0
0.0
0.0
0.0
0.0
0.0
0.0
0.0
0.0
0.0
0.0
0.0
0.0
0.0
0.0
0.0
0.0
0.0
0.0
0.0
0.0
0.0
0.0
0.0
0.0
0.0
0.0
0.0
0.0
0.0
0.0
0.0
0.0
0.0
0.0
0.0
0.0
0.0
0.0
0.0
0.0
0.0
0.0
0.0
0.0
0.0
0.0
0.0
0.0
0.0
0.0
0.0
0.0
0.0
0.0
0.0
0.0
0.0
0.0
0.0
0.0
0.0
0.0
0.0
0.0
0.0
0.0
0.0
0.0
0.0
0.0
0.0
0.0
0.0
0.0
0.0
0.0
0.0
0.0
0.0
0.0
0.0
0.0
0.0
0.0
0.0
0.0
0.0
0.0
0.0
0.0
0.0
0.0
0.0
0.0
0.0
0.0
0.0
0.0
0.0
0.0
0.0
0.0
0.0
0.0
0.0
0.0
-2.58586573e-07
1.1926168717000002e-05
-2.6825318700000043e-07
3.1982426869999997e-06
-8.485222385e-06
3.4125909900000007e-06
1.982172219999999e-06
-9.388440000000123e-08
-1.1031961016999992e-05
1.8923168199000008e-05
-1.9280933714999997e-05
2.944382816200002e-05
-2.8313400083999985e-05
2.800724651199999e-05
-3.9068164909e-05
4.317324975900002e-05
-4.367691734800001e-05
4.893094410099994e-05
-4.2930603254999974e-05
5.2246777912000055e-05
-5.2999239578000056e-05
3.842275838999998e-05
-1.0797367610000071e-05
-1.7687714626000016e-05
5.7441077564e-05
-0.00010205073561400015
0.00017826554025700001
-0.00030269298046799994
0.0010118827480140008
-9.651645311200013e-05
0.0008936564983340007
-0.0002899554065809985
0.0009872566764770009
-0.0006654851177399981
0.0013487947002589985
-0.0008958537741670011
0.0005671307654040006
-0.00035884031502199967
3.0141273980000083e-05
0.000447569560132001
-0.0019526893744129976
0.002144587096993999
-0.002327684788825994
0.002493666190119997
-0.004156014594309995
0.004438946502521978
-0.002962597445154986
0.0038745044733969904
-0.003063681835156998
0.0052151269087550075
-0.004147133844765976
0.0033041466336770214
-0.003971245960426999
0.0025508282811380102
-0.002637932229484991
0.004648378315227987
0.18423232110157167
0.11184124775258955
0.0806402325709372
0.11078394170785198
0.06820390155056492
0.043584888307505856
0.14407887399559574
-0.03650499731896393
-0.03692000419056801
0.03515453730394594
-0.030525173000755936
0.012447063386198928
-0.2800003883362837
0.16800034991509671
-0.027294793379430034
-0.14035070014116185
-0.16261421781457724
0.15997018104153027
0.35979580950490936
-0.14092530693827968
0.39904133995100577
0.25004883550500245
-0.045464245423183884
-0.14828088847644874
-0.14855175220570174
-0.12612181534925296
0.02109487670954298
-0.15494057708261305
0.1344843042010462
0.023581657287926015
-0.037866003114133004
0.02380429323540705
-0.22684037408996846
0.4492208365785225
-0.010487194102379948
0.20512194664346367
0.03578432226792994
-0.2677186623844009
0.08946586717980282
-0.01414899766021101
-0.18332090537014883
-0.2862590322281949
0.04626756522557302
-0.12924106238165914
-0.1005541103222039
-0.17937241964959513
0.05020703229943693
0.19326889483030898
0.20684771828501558
0.13260179487345883
-0.1346071798097251
-0.1137389663144888
-0.16575333008156906
0.08058165959194594
-0.03909139254654392
0.19659299045376158
0.0008765299372429768
-0.055058965104787104
0.06961348338662067
-0.08708953953953283
0.09327959842971299
-0.12671553957881934
0.22219403929319678
0.26449012401352345
0.0004002406860190403
0.05879866869245895
0.033141689745767054
-0.06037073892366905
-0.10361277036186899
0.354069163121259
0.3027629985502749
-0.024537131829839
-0.08953496367880498
0.1806910051030133
0.026417415197177153
-0.26123707032702626
-0.1798671831199309
0.15140656141151285
0.18837991822829897
0.10146941172164112
0.2599567711062143
-0.07819321468688302
0.08010564480344091
-0.015656843115405016
-0.09758324403910698
-0.2501341004769832
0.06168090779652489
-0.045718589018198946
-0.1782554396276429
0.14361334454875846
0.028448568592817056
0.11730368467099125
-0.4327860617739965
-0.21463370515743907
0.1117244900198085
0.16196395128049731
0.17481231300442518
0.03739545373719488
-0.216582994846715
-0.038482258367460914
0.24900947820921268
-0.3515541634261012
0.05959551804248694
0.2957698293262196
0.03445261010626299
0.03663465734861498
0.07908076785053064
-0.06203444778617704
-0.4083345851729851
-0.11969893526885896
0.054937367042718996
-0.29923560545916267
-0.06138692907177908
-0.13782007704694899
-0.2338834591433489
0.10707932972063507
-0.026372853859618996
0.3642346989199226
-0.08838386788790889
-0.20783047083691236
0.01839748160534895
-0.10092997158553516
0.2550656153224636
0.11473395343866499
-0.10729003779412093
0.16094689012480873
0.049629958576478964
0.020194037069469054
0.1319989485303375
0.2338686358212989
0.18376988782010914
-0.04035006638777516
0.2253899965031486
-0.22756971534591158
-0.032311940900694974
0.05858313147008299
0.15951786745371324
0.048379772628459064
-0.1719291549291132
0.19509691433214696
-0.40298524679399333
0.3016412956654763
0.12568284413366063
-0.19586404685583844
0.2226033862961456
-0.15127303496509717
0.20786108071359274
-0.06614697888828884
0.05598766423966499
0.24966292349701288
0.21056508655817308
-0.023417712318493066
-0.07487545361652288
-0.033489083507855184
0.03922495540476903
0.25742281906542813
-0.2442508478628723
-0.22278947536863297
-0.10764326213888073
-0.09660067907406496
-0.07391480340488292
0.28059788238385824
0.11561588348333526
-0.07979974224913726
0.11666793603640259
0.11041749788252864
0.1380985575503928
0.054583482452933145
-0.014406784882594911
0.1830494122373714
0.216125065971721
-0.05194662413889906
-0.09995269088190673
-0.1911970281063233
0.1032194838706151
-0.0013531795359589913
-0.1516648369241288
-0.011201459478325019
0.11394797908267094
-0.04830401729483297
-0.19327912044771642
-0.0048738167398070026
-0.12714366480462458
-0.08361382356590298
-0.4232635246413257
-0.002166227414875035
0.3810481511382674
0.13849386392786164
-0.07836458243919536
-0.2205773647070434
0.3778327214188402
0.09470717817375901
-0.08734314785316276
0.04571971783292288
-0.1776367301588872
-0.23938623926797115
0.046782009547151074
0.3414482216345916
0.00492330705551088
0.19806896578004077
0.10633986205270465
0.00033671910520301484
0.18223677767755114
0.09790134460914685
-0.1562072335758809
-0.2740241492070545
0.008567915829770966
-0.14116403565812108
0.2535348033685795
0.240635344563307
0.0045964497834689744
0.12109484286405706
-0.13691187437705346
-0.02782412326110495
0.11192108782008899
-0.01846543168514304
0.06973334326554473
0.3591677044534976
0.06784366788991922
-0.1146944462508894
-0.05028875178655698
-0.2341812504769304
-0.09137733168835317
-0.18341066967217173
-0.005061438098793008
-0.03643847773772502
-0.3193852933206803
-0.005436813968440944
-0.1362007955839153
-0.14243260568466531
0.10265199003030304
0.09469237551769898
-0.3079637472871007
-0.11965318242696285
-0.16034629851352894
-0.25175298884964065
-0.01837606757295896
-0.24386901753339907
0.15007714399809108
-0.04948056193386509
-0.21641574717553894
-0.09141677734656307
-0.106314361679639
0.31865541274020454
0.2728279372059627
0.09358285375438122
-0.22832564703188887
-0.01369840017481907
0.057592935565470904
0.007783994026721003
0.1293817504245332
-0.22667312086337257
0.11536742598138501
-0.13657028545857847
0.029018858676136964
0.3026055460704156
0.05243104998003713
0.18733867107546512
0.006835840718157002
-0.13798923990055667
-0.2071105121273767
-0.12465180218878875
-0.14524821191619472
-0.07185495592344504
-0.03659620979130095
-0.15618154331045575
-0.215839959225219
-0.18039931652591554
-0.012470389294277098
-0.15406533488659083
-0.13946367172321927
-0.06289470255194518
0.06632562417468318
-0.12970246957461118
-0.16128685073732874
0.018512150919328958
-0.20292111200827517
0.10555436567490485
-0.05602180220727099
0.2505969519470676
-0.07315087661358918
-0.1986909711657509
-0.14796950857139107
-0.321130535275951
0.030210262425948986
-0.08988607210234707
0.11572197603209321
-0.02997678003234895
0.49340776620329935
-0.10582566783278309
-0.2695134445315452
0.07663280764993889
-0.07038095937166933
-0.08193136284811293
0.0029930444785029307
-0.07906859875359118
-0.23008677906075128
0.10318901717468515
-0.10158417790549501
0.1998709425461008
-0.19927515311719657
0.16982936456490927
0.31395970096644954
0.15441607207081076
0.2811282384932481
-0.11610848755736282
-0.264565017519419
-0.07453210039442495
0.11671999381856092
0.014408004582074979
-0.07883285409863115
-0.10271965911042917
0.10794206995522898
-0.3298188238566325
-0.09956230497407871
-0.03207272743638296
-0.13165521926476495
0.05628015765383098
0.2145001242994167
0.23093197293746268
0.09070270263481278
-0.0684465099295791
-0.05162398463842088
0.12224795907838522
-0.1532049616531768
0.18430022859578435
0.048571458704093164
-0.004590180204658993
0.10205951077862885
0.22085542240382527
0.40105796819567574
0.13451930669529474
-0.04658213260096476
-0.23076962579760718
-0.12370141879702096
0.015495105646895057
0.051338286953865116
-0.36074991459722894
-0.104375245342867
0.09026009767178524
-0.2207562829641812
-0.0483073040454492
0.050772762722167
-0.10288831218111115
-0.14318474527539707
0.10199967199022518
0.08469702899245485
-0.07551667586341315
0.1036806476017227
0.1245690700397233
-0.05980124497192913
0.013715779544177088
0.027656209185677065
-0.04460325316300098
-0.06062036384914703
0.08152892269268906
0.07225109565971106
-0.006455445699218977
-0.1097294353916148
0.045365408160402944
-0.3165859173812094
-0.03924330771261305
0.13948766308039864
-0.14013548513096072
0.049867412167953026
-0.01277989849912701
0.27710635591375515
0.0025668316708869427
0.33821933863022746
0.04893174317592515
-0.22541861305881017
0.16239817407159504
-0.18497506390628374
-0.14739176737390094
-0.04076793300911707
0.051205639973741196
-0.13284940183836141
-0.06336660858323713
0.2841237871497614
0.12051284959615727
-0.1708912576766191
-0.2159151457571929
-0.04638478684260302
-0.07032651931184905
-0.04450961048020707
-0.055810475777609045
-0.17948077130356446
-0.04403126963688882
-0.09271774777258304
-0.09248652536212308
0.09191332900097496
-0.14701824334900118
-0.055998953697059255
0.2318133451046629
-0.007750007543385018
0.05767035224495292
-0.17262942731771286
0.12945124559466883
-0.15147803171325516
0.03786646262529483
0.48711968015661583
-0.12264928240916893
-0.01926950997283301
-0.05881375969359095
0.29276057232792435
-0.23051688003676485
-0.21687713569213093
0.012259314369661118
-0.10066223053411721
0.02231233399000301
-0.08678180851792296
0.2610440301741307
-0.05056969674486502
-0.4203797916876279
-0.0058645524786709565
0.17570532793958696
-0.13631430471852318
0.021122032597358877
0.18356647064992868
0.13820985957143325
0.045391745610614966
-0.2850184276312378
-0.2468120391549951
-0.05200371682656898
-0.21353659605200498
-0.047678208024679
-0.08426188516346289
0.02894142017087305
0.11232120623352682
0.10621456239174501
-0.05397366004980712
-0.22362853600658547
0.015356901962243014
0.007993383368058967
0.06183518756430295
-0.025051165685134973
0.055912444639337144
0.09936987228748079
0.048016335217470826
0.03966615819141693
0.16959955158702675
-0.2200356018086953
-0.18457950085873318
0.13801130221608326
-0.24930887569515092
0.027903183631965058
0.16612793274578333
-0.1637429477033127
-0.031860781762332965
0.2095743332172113
-0.1278089750044289
-0.04919805408893697
0.09150836539015703
0.02992255220858302
0.062052538177214976
0.09983547553123313
-0.06607509019908087
0.11215934412743295
0.07353149242999146
-0.119996333262941
0.2011660716533736
-0.11993165471510317
0.12183145945574497
-0.15916917309179338
0.10804128126931697
-0.09198567837844504
-0.2845091483086497
-0.07191985762400681
-0.36159924622064066
0.203755677868167
-0.08607980137479082
0.17889347584494855
-0.1424611027092608
-0.15386257597157468
-0.005117328017291017
0.06408433743150901
0.26960327325765326
-0.17830819889604485
-0.30942642845878376
-0.012263095445091046
0.18185520549470507
-0.15801659029817258
0.3093850435051312
0.06137987636902487
0.13958892326369304
0.18765421896412673
-0.08196356690429113
0.06633234049927296
-0.12920676202896092
0.025291610350161014
0.4011462192242831
0.22015974828281945
-0.25607576247717484
-0.0910902163743031
0.07672996019965699
-0.056398133928004975
0.0032086336885289394
0.03832306340234896
-0.3623662747144734
-0.0032879382195030124
-0.07639966426636492
-0.10553930634262286
0.24351642861773865
0.07272363014468301
-0.005619850427124981
-0.03470859985198493
-0.09628579886238287
-0.2799029621727297
0.1478625179567593
-0.4091873520322924
-0.4688255588213073
-0.02523917002833696
-0.11978625934094692
-0.1258316719149232
0.011474895312740992
0.45807606376334303
-0.3904092837721545
0.3111512562986844
0.37924444003091445
-0.24142449660353324
0.3029868766553884
-0.07371340707979267
0.2853736230782325
-0.19483485202214956
-0.3998772157149974
0.05031357065153495
0.12784036126695883
0.014284776679703081
-0.04602321060166101
0.5204616479829728
0.3443764894633606
-0.02327738482898497
-0.18142713138757618
-0.2650320859045029
-0.02365900646660294
-0.18230608572897727
-0.1688681354757254
0.1504445509954687
0.02970396004361899
0.05595469755477297
0.048440239562840826
-0.020458024900307042
-0.02882663681610702
-0.06599155997487927
-0.5937018985269544
-0.4011302630524862
0.02294842976797084
0.07078946084980077
0.07803776693829685
-0.05157547030176902
0.03516151762372494
-0.13508466958600532
0.1283071274716184
-0.21640293878755545
-0.3220105252381717
-0.0749398579481429
0.05248696820223731
0.048711692347568815
-0.3377947241114929
0.061092991904098885
-0.18154556083200354
-0.2246872102414811
-0.2783610147190548
-0.13383034699437682
0.03524082126075299
0.03412534326476292
0.09836327101923283
-0.11273722737847489
0.0030183815010829994
-0.39706895507044543
-0.012400430986708984
0.1503870690754488
-0.06348697063657495
-0.10879241766309687
0.07567449039952501
-0.21362145573536293
-0.014254309773461094
-0.003001329780607068
-0.2908608891968493
0.1605483146920468
-0.279079070998296
-0.11044392909960522
-0.06614448499718299
-0.059411748939567036
0.1851810702656505
-0.16383715562328544
-0.20985425695388724
0.13006333957534688
0.08666766207054528
-0.11377083409825271
-0.16390875922340276
0.10553623672683714
0.2031571921069216
-0.31148635176178757
-0.0645316659395468
-0.0017287099950129717
-0.2514523575139916
0.12517251185039707
-0.10333766155499088
0.0815069411997751
0.06593571211425116
-0.3180425193950998
0.1461470010763649
0.11201184129196905
0.041026267043485005
0.048483175966988847
-0.011801215868024982
0.0941080270888092
-0.429582164347797
-0.17286126362964488
0.3414462787067756
-0.12492379059678706
-0.3102267517879731
0.2956247894170642
0.015958104679953008
-0.08206779421803072
0.43369190668324903
-0.19068070724686256
0.14211882261039296
-0.06352826519437903
-0.05651411179450693
-0.0028935705641949952
-0.08384448374164095
0.1052455759613592
-0.36967363361374067
0.12047687357140141
0.0927455039069068
-0.11851610942684482
-0.13807822842882286
0.038895865007433125
0.013499525445442969
0.16816750911963485
-0.07733109195107081
-0.25421252358515056
0.0985528459630449
-0.09861505492023909
0.18363801003342292
0.1482335448815366
0.04097178182505485
0.07997798045735884
0.1580550294166289
0.1703254322714368
-0.04422301187709694
-0.12865873918390267
-0.26133454677001844
0.029186691521497055
0.30037894547889504
0.021828388482811052
-0.14161711884845285
-0.03416684835278493
-0.10747059687091107
0.10984428744584084
0.15435258592182932
0.1718072636880233
0.15404502603685272
-0.28274616728118257
0.081256433656507
0.3433129084016494
0.08028920771977133
-0.11721089803358704
0.15626421140816932
-0.005392843647558968
-0.020054329819908998
0.0686340008843852
0.1662658410896546
-0.06047687443057704
-0.18000204560966898
0.08418094772957926
-0.20788079192522868
-0.051607491799334965
-0.214377721524731
-0.024710313202947042
-0.40624996107884553
-0.06609022915289554
-0.18501120440682728
-0.4263278596554018
0.22668440090992525
-0.19278816130720575
-0.10224041590709683
-0.22172082562693313
-0.13778968121250507
-0.18116803214965538
-0.43116685922328085
-0.16488794901030468
-0.14860410012290476
-0.3502829228571889
-0.026743113981831018
0.20303810794799498
-0.11463627767453707
-0.3063117557315409
-0.1848491230397507
0.16213684835965667
0.05705835312653897
-0.009185286045473029
0.0623569320220491
-0.08547466854714311
0.08322561550759128
0.03277626456159892
-0.10748131266357919
-0.23025022876318862
-0.042151317025351014
0.060522382127661076
0.07328530014264475
0.3333624827859475
0.01687394419517295
0.042043550441220996
0.011130464555847023
-0.2842891644614909
-0.06068876062768531
-0.0609437292229269
-0.03295773530219487
0.15216887748724514
-0.15671074764894108
0.26128476296682374
0.36274150517860093
-0.09815520967883695
0.17020249863959333
0.0002882301669749434
-0.1765323742954087
-0.21909265010942472
-0.08763638738819463
0.026441016647510963
-0.15799400980120445
-0.005476075299681041
-0.09513273791308909
-0.1568261075116648
-0.15628477592829507
0.05090698486318503
-0.00453777791928901
-0.27518622629031103
-0.1289325024114427
-0.10342264768852283
0.11685548391010712
0.05359006556555103
0.029091146432967074
0.012244245950289024
-0.20581237863035762
-0.11735624691444901
-0.23451938966915514
0.06541421956307673
0.3194917378773426
-0.09337563922950698
-0.14986079033549496
-0.34515375074915894
-0.09875206145239485
0.075089475746329
-0.19506883336726702
0.02151997614391296
0.11381668850649514
0.06725313679997694
-0.13035482279323285
-0.07850526020336902
-0.01679794653854702
-0.14546931806042165
-0.22010016033739324
-0.22917658901231655
0.06052642721312693
-0.08168762111089477
0.1493663254342507
0.1576240161221965
-0.14694856358744926
0.40931233698120084
0.1820605013138633
-0.0975663770969412
0.15902735018433284
-0.029484616569145028
-0.12971779052706078
0.16533503663013885
-0.04586617401395508
-0.02910552694065507
-0.03296609822792905
-0.12618328518713515
-0.04061614769855087
0.062339007858405036
0.14239607458848924
-0.026292504657196892
-0.07707543705477506
-0.04339286595515104
-0.12862934208598334
-0.24389653901634242
0.3076700535981396
0.20397883067516856
0.02968804032873704
0.055203513243024985
-0.27169532654679945
-0.27229163395813183
0.09632817494342896
0.05580288459352918
-0.1698154350822429
0.18525597691621873
0.18521828574069119
-0.10197085106612283
-0.11126280759560897
-0.08123793812062131
-0.250840992365659
0.07969298791719279
-0.09580200104524698
-0.32818338363754257
0.07395890330750902
-0.1029426317297409
0.09205067378308912
0.2327469194496505
-0.04084934768521098
-0.061313036843020884
-0.02368563486824108
-0.17311398175401946
-0.12410613889241316
0.011875229488262995
-0.13549512004411665
-0.0016877080882870346
0.196558493951889
-0.07891846391967117
-0.127185432861659
0.19825478802317692
0.012760697128412938
0.2502637321798774
0.40936144565095617
0.18692074415390506
0.1631039020030311
-0.1346118669773831
-0.09586445219253499
-0.016153670410067045
0.2847985597242995
0.17552806927732867
-0.13660969084737687
-0.2717992773376273
-0.11594591067438115
-0.23104102759300374
-0.23374286106475267
0.1865369009869027
-0.2992262805784298
0.08518716611461105
0.06204395306820298
0.18116696990232112
-0.12963324777586516
-0.15179411121481862
0.10742689405933122
0.019321696519395075
0.36350769964321605
-0.14382256740208843
0.20254895307298362
-0.05549168491204096
0.09014173572278486
0.06972644699460513
-0.2326080098059972
0.24232894134270527
-0.046217949014729025
-0.32787038056555845
-0.07818009543910719
0.1098084918814869
-0.11493414093615677
-0.2382325376605307
-0.02629009166022901
-0.20587747021127584
-0.13254301317837336
0.1390866449216788
-0.09201655016603114
0.2018678854171089
-0.2068734036567689
-0.026066021953625097
0.44172051436324405
0.06466162929216072
0.015479541251656983
-0.08305605446239292
-0.1790133019568071
-0.03970058590352095
0.10614121210789118
-0.1883196758944212
-0.07334689429846293
0.05115537085194494
-0.21266125907936323
-0.3087382994856947
0.11337223734878298
-0.0525197711200731
0.009633231117999044
0.3665363493683453
-0.050484222533374964
0.18862091313957477
0.06525002817199921
0.10300232872630304
0.09634629506642076
-0.16738346951955527
-0.006811074207174994
0.03482046975682708
-0.16095406841210916
-0.15794769569314923
-0.12061511159293507
-0.1941057131038929
-0.10597531591692692
-0.021534734831709024
0.29686943865104515
-0.25232331140246594
-0.24462520863040635
-0.25073525650743805
-0.3030927987649455
0.2899107284931194
0.08758518748008327
0.006733063689280986
-0.06773933705755897
-0.2017239768721012
0.06026274601217676
0.13737214851544838
-0.1597031482046535
-0.075278110601865
-0.10831022788479105
-0.038289710941752944
0.019372961139738992
-0.07183308812642505
-0.028884127153818988
0.028375477638515084
-0.21481672322829923
-0.02386639737443698
0.0857289015635373
-0.13381894363307908
0.27543682919282864
-0.13852910462043652
0.04524622098551698
-0.20380119969096858
-0.39033384573874114
0.10200926324676111
0.07703256885460899
0.2453395171980034
0.007815879294845016
-0.1364918517723504
0.19784080511234337
0.1318889572359125
-0.05596867210326901
0.2234909549203649
-0.2988026004539311
0.04633776933658688
-0.08695953402796898
0.018432068593675004
0.3413914543516462
-0.24460908734475253
0.12850464312225682
0.09424975244697278
0.004611849393983016
-0.1802688049118851
0.051593848174720916
-0.10569268289670881
-0.048516362568880915
-0.059527326732335045
0.012321936557148977
0.18036515071595902
-0.22887206952626885
0.03236251400937306
-0.11330943800877526
0.09814406744234723
-0.051713281938114905
-0.09915483861987708
0.17272195824634914
0.03408446392656512
0.26117568890002485
-0.1998315128032995
-0.2732805776549451
-0.1267914685195829
-0.22101241216374287
0.21418423714566698
-0.029099086621505055
0.28663318078711386
0.1143104130023809
-0.027300777332221044
0.1845222094173729
-0.18335738221941916
-0.035606551909281116
-0.0017740015098869496
0.19924067586222946
-0.053434679924556985
-0.04106959029192102
-0.0657630323251812
0.05151144245830895
0.0678551366894031
0.006820781852903061
-0.1293151267156148
-0.1871944621047466
0.3077928588340941
0.032354321353876975
0.05636000437298496
0.08950656059363113
-0.0476317413776311
0.04385215194652501
0.12183504218280725
-0.07792748435837898
0.09457072474169102
-0.14605446899672106
-0.1760678116937233
0.14036505953752115
-0.3006305618110819
-0.043262770330517085
-0.05140179550108283
-0.14078903957309494
-0.12974102127152864
-0.05472107984355296
-0.04159915813438317
0.01886530250613893
-0.11411130361092292
-0.3146623678670558
-0.019457258002084945
-0.02854274215462315
0.012421567972364966
-0.20492838972361882
0.16600827607854274
0.15162351689767162
-0.21067969891616106
-0.00649828505607104
-0.09632747598444678
0.047286520707539116
-0.03832099488221695
-0.11515108563627885
-0.26985483476436983
-0.22900792567412487
0.061961943638501146
0.08480704008213091
0.3557437118441875
-0.3810743981240986
-0.31276063140692256
0.2099679200342066
-0.1678792000227454
0.020919833195643084
0.033683682370565
-0.17193817655797336
0.014606769517409022
0.23341756050704895
-0.028075944708096996
-0.09350409501853299
0.22240737550170903
0.1695428431467155
0.05288239758729865
0.16004568920864318
-0.11985684663789699
0.08730168375303096
-0.04704364171933088
0.14133347061548504
0.12932411639785268
-0.2521062257556247
0.031083391893076937
-0.1574812025415565
-0.13013568743007906
0.054013114490321
0.10130173660476695
-0.11901252261827304
0.16992517667949086
-0.08303694965007116
-0.14016810620484488
-0.042870528099537036
-0.2486754802401814
-0.09922702691297296
-0.006403318345205027
0.023640803610657183
-0.4358515684030029
0.1490932012585067
0.0742699719145929
0.047975682820693054
0.32570008992290667
-0.18538726823497512
-0.16423970216415926
-0.4468096411168085
-0.11481793026651141
0.12292495967804865
-0.04871659333381125
0.07661365396396115
0.08519601054110906
0.065759504245083
-0.10070412413421327
-0.1684414273653806
-0.2738587372289733
0.03207953040166085
0.2049552697064033
-0.08627899146894519
0.1571479273274992
-0.16949553266474887
0.055455560468488985
0.25646774775345504
-0.03295850133869288
0.31123691226996425
0.15522587971252116
0.006444381180298975
0.10539244797750677
0.06424652972586285
0.03300898912292096
0.25129400894464926
0.09839073253085302
-0.03314977635736491
-0.008991560759006992
0.09024699557520093
0.02513866647946102
-0.15421347591863746
-0.30387642487687533
0.14860908420503105
0.1452806527423385
-0.09031680714731896
-0.10387039184445696
-0.29608411473278007
-0.004895787909052925
-0.11128395890392878
0.004200240780580963
-0.39965846008701167
-0.046676009024360886
0.19564515408853506
0.018705556121642982
0.0654449792000071
-0.04108623737047506
0.2682485692444397
-0.038592643520846945
0.06607797788158731
0.036476404475735136
0.09969761906555137
0.011445361807660998
-0.03989517891565512
-0.08705990759184122
-0.18249486196653922
-0.07992770847655702
-0.4337974148606847
0.0008414571275449353
0.14555521293289514
0.0650121866095493
0.09983786457093922
0.0704008086150427
0.030331685489533033
-0.1379795703071669
-0.03165002917027491
0.11659480243260889
0.018020110022971034
0.1987864570450407
0.24617355867203133
-0.24344769632943056
-0.015950748533790974
-0.02366156094961899
0.2695381269953994
0.12870335136632494
-0.35682155906584817
0.051227083268797095
-0.1586072331188589
-0.1420071249256655
0.07662320007789868
0.17234951248167488
0.0846793110060931
-0.004977927351476976
0.005002037899903009
0.06723129859759511
-0.05201406097424103
-0.06258659970404472
0.08084271592665289
0.257508280816558
0.15378871313910963
-0.12407373387240897
-0.24726871222742094
0.024501689508991065
0.3247473031960296
-0.1439878201465087
-0.08651946289537918
-0.23659224705024523
0.29314076803403094
0.19685867151599531
-0.028316005165640874
-0.1992489737823495
0.02911165508511694
0.22850957045333245
-0.12403736480064095
0.346045249698341
-0.07850320492551487
-0.045465759741492986
0.050263944000012904
0.37164938335639314
0.1827571813905455
-0.04722625898768087
-0.04647723824502703
0.17010216312038143
0.16921936673326524
-0.06974212784402747
0.008809767345086953
-0.19324072990373453
0.12295611644045687
0.06311161250720503
-0.03565818326701513
0.11567219624933726
0.1392160463227722
-0.10368635748006479
0.05449354974712305
0.1764573397722193
-0.030224359771157033
-0.30009820812004906
-0.383774035413921
-0.13035460251340297
-0.12080017350850893
-0.24507277840666933
0.03826233089500092
0.22590862361988107
-0.07792029796975732
0.05402393594079114
0.3453686584900872
0.2393249844307148
-0.01671697784943494
-0.12512431384706313
-0.11649844373205086
0.0182494894117509
-0.06958771018723288
-0.2675269808388925
0.23842003900775494
0.17041727710828752
-0.26641438912118703
0.12361320627592098
-0.0688955287659849
-0.09134362845767892
-0.0728810113512028
-0.05496577849671498
-0.06890546360817511
0.003067053571070994
0.11609282057558334
-0.022347949847003053
0.06039323015018309
-0.10848379391361485
0.05304155244681913
-0.18271899283944865
0.1606932202732906
0.4978147205459678
0.09487262172975294
0.12274333053906693
0.08184738205909894
-0.06934305716700326
0.14520044211384142
-0.11042901797437134
-0.1274835227775293
0.42573877956417117
0.14129407729351673
-0.09216079444650911
-0.22208991455442714
-0.1514267750737892
-0.1292517189410652
0.02269893751869294
0.2959888779537628
-0.16927999907962918
-0.20670057246290724
-0.23427715598075496
-0.2688207999197989
0.010796916651009032
-0.21766772435993126
-0.1805453864285009
0.019267118399769034
-0.23371844436250094
-0.1727076319599634
0.26200921295039836
0.31858946582226727
0.26211290591831954
-0.15227392542372684
-0.4024980668259441
0.16781859481367872
0.5622766220349212
-0.08787306021133288
-0.3324595457050928
-0.015291077571876964
-0.14795009161607728
9.378006288932285e-06
-0.1575261341012227
-0.13413115240639084
-0.0993940758194731
0.14767095040797495
-0.11031336720794506
-0.10580861389983293
-0.010111675839131017
-0.2242203787518868
0.14571056764806858
-0.22531859624647957
0.12946473812556492
0.07175416952727298
-0.0942279741443551
0.16755686342481677
0.03304260430460307
-0.2774921082812962
-0.06948108712144452
0.1005434972940392
0.08433730459855274
-0.08457856175927514
-0.11893638279878119
0.27199729491910524
-0.2054684618360769
0.046503025666461126
-0.0010574004048889533
0.003918636578712986
-0.017497256140292974
-0.22796253619304527
0.14186106014557123
-0.058227246656138945
-0.140161289898829
0.21660785372826905
-0.07654524338423682
-0.20910379817284055
0.10002402301809318
0.023955832423720933
-0.012197124728795021
-0.14841297671925494
-0.01821560195876695
0.02670644666545495
0.3471846803605495
0.1327851664868326
-0.08907299660419109
-0.059834761233669
-0.07900333815207086
-0.003629503673392975
-0.19509870263404142
0.1487291505882486
0.1286388699627967
0.07659542119391115
0.2689943182089389
0.15860693704646692
0.3905958724205279
0.15403967936497107
-0.12178968991896881
0.11723172018599877
-0.04276868996266688
-0.031087601663385023
-0.17022406637742096
0.12528228845149703
-0.00841880342244701
-0.08499844630997906
-0.16264853716711297
-0.1962957096008967
0.08326823736890494
-0.11297891815153484
0.07456026730967294
0.060382453407124934
-0.059395325412475206
-0.030781835677648927
-0.2519125866094206
-0.3374932658061153
0.1009395038649292
-0.15851252360348478
0.2738180546978343
0.08048977701706307
-0.3197227459494324
0.09296044619500897
0.15744798256694123
-0.13590207140817107
-0.21683800995510286
0.06619542040645103
-0.140218770345087
0.13446556647705102
-0.12657875460582108
-0.10091277056638694
0.11167529700382074
-0.198756460711333
-0.12547647953748933
-0.08535387888879534
0.0016466738051849985
0.09862277666568675
0.013907776548284982
-0.03841568317876883
-0.059307245015319074
0.32826192628333456
-0.07307667440954269
-0.041311890841752893
0.04244304692619275
-0.06768713177101893
0.1345618148813266
-0.10503237784678493
0.2195979841049413
0.038304547134594844
-0.12041461288967711
-0.1180953217823626
0.06947611709843475
-0.07959912620036083
0.21515943969242757
0.3270615120071779
0.11777115102235902
0.16345374351432743
-0.08718067918541492
0.08238970126563494
-0.08513841522645885
0.09383461516450305
-0.10658270138440679
-0.1480619361481132
-0.04438172872874301
0.09054026658754075
0.25316859463216596
-0.14208093788358334
0.15122942727597338
0.1933090801551167
0.14951850651612114
-0.07473831034872498
-0.1150229459883209
-0.014926623000044981
-0.25177892161312115
0.22507703077572463
0.08536803557283104
-0.34236201103304015
-0.06686880217861922
-0.04898850752963898
0.020900665657439057
0.011179115973283006
-0.046624752275125005
-0.20214192667490305
-0.032292247889545045
0.28071899882186674
0.174447515167013
-0.11630698550948496
0.1908709289954871
0.12985424691688696
-0.5627709321880215
-0.051437163396399095
0.05869744059580701
0.26753749986372594
0.09736335805203951
0.12360465500267116
0.0031343747521710183
-0.13064247607531454
0.27334194598816886
-0.05694566834006495
-0.24742022188623267
-0.33839808108036623
0.19444107623363094
-0.0786271913722647
-0.3558487742803936
0.16758147803007103
0.07250728469826685
-0.24449844628495787
0.15824111322181267
0.07808714979722502
0.10357140619483068
0.3500115832867372
-0.04990240920411714
0.023368821807255
0.18213732498098595
-0.09174696512487308
-0.19252780013386095
0.20463370476307913
0.15674356203955342
0.08218424684769934
0.2872785074036894
-0.19692965508257257
-0.13137068064345925
0.2356013220338029
-0.2511515683315116
0.18600875709027342
0.16462900050033138
0.151461179066527
0.025131417004646966
-0.030792435357005012
0.3376147888728962
0.15596187546126733
0.16716481484943374
-0.1978727992256911
0.21334285280172743
0.2926405743670185
0.0961248742061971
0.0554154183761851
0.05896282900575509
-0.29074037269491604
-0.1331066747120507
0.17504976540885506
-0.04945897721176894
-0.0423982701944391
-0.1264880151596947
0.19361453302629905
0.10691973228884513
-0.002627270145732997
-0.32331332090584314
-0.03470725220265093
-0.27706775239802456
-0.010025286005784968
-0.1839656737675575
-0.4164657730293697
0.029652450180451026
-0.24264749536736677
0.0842462643036049
-0.3921437783451589
-0.11200485090846315
-0.4422848138843312
-0.11697521193194907
0.12705509922914884
0.0746734088874388
0.010617725734870898
-0.11332068200184506
0.2960678811430499
-0.028340423389894977
-0.25164059811422224
-0.37012505230912035
-0.005202069703884961
-0.39427622807348917
-0.17670421507939515
-0.10013313849751702
0.05040348859275896
0.1535989621596908
0.037198873394238885
0.053815456298287004
0.09503106479798318
-0.027040165228924964
-0.16207298945717305
0.030990717699999025
-0.12350713139207903
0.16735683603034118
0.1265251175039072
0.022700653356377058
0.048311300892103205
0.09766408580657279
0.05266478234357283
-0.09053805105703289
-0.2113473608734471
0.25889180829558406
-0.12373274204062518
-0.4402380641441227
-0.09488722941081887
-0.06586874591534304
-0.2633526237728051
-0.3270720663546824
0.19653798400327663
-0.1716954271114551
-0.10094422337087873
0.04094711632053516
0.37600062603409823
-0.17538772497038338
-0.26156311021231277
0.3670305476084932
0.1591490888022653
0.12733357661220707
-0.21120249421770906
-0.12449500164563904
-0.0049115438120730095
0.3727366741722441
0.10537873308027125
-0.15348013172522892
-0.053048086949488996
-0.0001367502965789704
-0.006019286273910981
-0.2779038275139238
-0.25401186824817834
-0.1358661107334625
-0.12188477831093714
-0.13883521831246887
-0.18983712951237672
0.09372392438904495
0.11883888694568905
0.03336772268082489
0.2219360233778693
0.17831938521633464
-0.0060814752734589875
0.04564790290598279
-0.10642738031421495
-0.15011601029140068
0.09628034956380133
-0.08624731073685722
0.15708638586001472
0.11914448971577724
0.04578797503617889
-0.17937501658878888
0.08715110279422886
-0.3521813637048576
-0.15821902214832093
0.2028291336554934
-0.08491968316478894
0.21355097420932695
0.13761052162755483
0.10095643922666314
-0.3281431893720887
0.053198352403653004
0.1549463150675413
-0.20073982495680381
-0.3359982631566181
0.10669296038349511
-0.38635458770717274
-0.2750054971839335
0.18011224666073095
0.01894596528043682
0.23256100660332324
0.009041419665919048
0.215706362867487
-0.23678012864478465
0.026956929109944936
0.0980826801914909
-0.06278589539158531
0.047818479540230975
-0.4423965672920616
0.033420106711692946
0.18373979516407674
-0.1075927915146071
-0.05988619708361694
0.08861360654845683
-0.022686263573524962
0.04855622822843896
0.017955160015613064
0.0002362174537610074
0.16459752495999888
0.2178433566465348
0.34088045698404756
-0.18844941189890485
-0.1739090237375292
0.183561193883611
-0.07190205173106658
-0.01062019331935498
0.0652437931784871
-0.27045715735164255
0.14165814454404874
0.19634952248208484
0.3294459085105377
-0.012533042828991085
0.07905240079637275
0.3832539314616289
-0.10427235432573324
0.1600121984009969
-0.004095635547085001
-0.0908175761865851
-0.16733667508255892
0.1119743976581227
0.22603023458721477
0.09158136107789691
-0.14804192957242918
0.022923746488205058
0.17165585139930883
0.204983627349275
0.3271783752991019
-0.26056868016124307
-0.16801115106652056
-0.30504617974137327
0.01332048528751503
0.3516650068682674
0.024800085510023134
-0.10194913520939299
-0.1511361545391129
0.10437687314973491
-0.3128480165715294
0.06796192154376907
0.40108078776574446
0.1105388510495451
-0.14034770982470104
-0.02504645753599506
0.13338165411516437
-0.017745520121545004
0.16043899322901364
0.37288802536685717
0.24551479974794252
-0.2077972269407646
0.12704219016482685
-0.04752289747062912
0.07356153838928707
0.2879062023069987
0.008581702653554932
-0.16377320585289143
0.22519887013704848
0.019135205679085086
-0.20393105809391682
0.06370018716460107
-0.1423133784534049
0.24884371687510465
0.1150785915567109
0.029008753952031167
-0.09484687016036113
0.09056891646208104
0.0885903651785351
-0.4143984834208571
-0.011714965712939025
-0.06626085889392293
-0.17458611737745966
-0.1516891332464173
-0.040988188135190944
0.23953375617195513
-0.2276967136641112
0.03316393646980084
0.24843533927713715
-0.0008010867594130353
-0.17154010556574317
-0.011319867416766962
0.29703021699031507
-0.013231096572498921
-0.21960509145285334
0.050685464882899024
0.03371059376599091
0.003309263211888965
0.3096070931361241
-0.07859823354517108
0.047512436132010956
-0.005249548631785047
0.004747694128566999
0.08575725435629315
-0.22576331259532686
0.16963634293382707
0.12913503666747375
-0.059471600981873006
0.018154840394148983
-0.21433759713288286
-0.1418723136422384
0.049869512954372815
-0.1573613559230532
0.3876044294923769
-0.013045839476816954
-0.10898129106511482
0.46583454795677515
0.07991497087954887
0.31507369665491936
-0.004301260084756998
0.25460485943259287
0.1992271702127053
-0.27051435213159714
0.115426952933025
-0.400986172302798
-0.19523879609201505
0.25640378380564116
-0.07667245880187482
-0.04603650865828715
0.026296383449284998
-0.07292008794474851
0.10857117675419718
0.14363898843716322
-0.19586402148871915
0.12439480230104111
-0.05981175607372689
-0.08519871326373721
0.0736543739959869
0.03389115433533084
0.13172982978929873
-0.2069147197719035
-0.38680516590032354
-0.283998940445887
0.14745209166133338
-0.2860235598064299
-0.015024147932988998
0.2211547284692749
0.11581506620780721
0.08467196923252901
-0.030813794089292933
0.26855961103439346
0.1326663947287564
0.12020421187103499
-0.1894711490123108
-0.2405492694092843
-0.04229124390546104
-0.023495661354334983
-0.2410970708684195
-0.19154667493354105
0.010222176079624985
-0.23951314013167324
-0.13187735564168107
0.19479220721461352
-0.04166526494949302
-0.12909834300393314
0.24729745227485897
-0.12201188094358295
-0.32700976324700326
-0.21786218825942358
0.05842690882381105
0.17312722387420673
0.014641738981964999
-0.06321328787040668
-0.3042209744769574
0.1516477023292408
-0.1330805320134879
-0.036845074999863066
-0.12279707768199292
-0.14095650075118316
0.21427085955675892
-0.06262551515130708
-0.12946790487337445
0.0831062886547248
0.14883523871491133
-0.30262156454426764
0.20622344699488926
-0.007151910466393079
0.21686122059097626
-0.000124931454284949
-0.21244134368856724
0.12545111833846775
0.119210617860115
0.35573076846610413
0.14041488078065692
0.17190390945752682
0.04993582822367905
-0.08715153696403713
0.11588011242125491
0.20282416983055307
0.09114360152860679
0.193892248705877
-0.1389680603478531
0.3672363491335973
0.07810998144605315
-0.11605235299782284
-0.01090197329224299
0.14232629995836524
0.3545089249717015
-0.07246471217714924
0.29584205657856794
-0.026878654625509
0.04946505817505908
-0.22566031035861683
-0.1854553764207648
0.060346740790062955
-0.2502570964081292
0.02934172294089096
-0.08551322759187317
0.02537800089822692
-0.11803264955021309
0.052653772824185006
0.15840542416239867
-0.15300152675465511
0.08706489371204532
-0.013100862730123012
-0.17558392511827106
-0.28022154044214687
-0.016996269467026988
-9.168825467504252e-05
-0.12048901125754102
-0.1084550983250351
0.179262422120805
0.04251760067909709
-0.07868395793282523
0.0930467660429592
-0.08793717853828471
-0.2841589214234454
-0.29606065145399857
0.2742583077129783
-0.02628177266920298
-0.2223322525121093
-0.11226464771974518
0.08860013566416675
-0.07387925211742492
0.18506411778185305
0.26970638652990325
0.04448748542591103
0.2076690356122987
-0.09894704666068731
0.13395027906805138
0.020136506831715046
0.1751616052788928
0.17739654391270882
0.005386290657308981
-0.2785285856547857
-0.2536860224143357
-0.0351853790749911
-0.002167342462285052
0.27379405092030523
-0.10893029368392103
-0.11366775064380123
-0.0938833290639648
0.007022358042870982
0.27266673580881257
0.027785122569663017
0.24063942188523277
0.08186540014547897
-0.18454568429915919
0.3644840252022283
0.07859720102195684
-0.15818831194747138
0.0015337267155209951
0.07695637667842678
0.25918086174957894
0.07126291396874927
0.05409342834300888
0.08979737052959534
-0.09635446950097101
0.022318504089840985
0.18631273261180306
0.1281012445195747
0.21627965429051113
0.071640535566465
-0.11591772238034516
0.3131010573691741
0.17656517627770513
0.00441917177474098
-0.11195953704574294
-0.18837583590607904
0.035323413561417
-0.15442853982350674
-0.028510920050898978
0.04155852566339893
0.3173530220567763
0.0018673125415970028
-0.1651038751857286
-0.04009109480795095
-0.17167013657839716
-0.11263911738463667
-0.11267642755709907
0.16931139846672108
-0.08753945231470903
-0.23191779695880105
0.12254290802542908
0.08760918711830086
0.17020475946151084
0.10942059345061089
0.024688216803066935
0.0012590351872489463
-0.1070592077734053
-0.13392510041264155
0.004773615204407019
0.2798674049660533
0.024158652878253015
-0.07988616224673109
0.16108628174027104
0.19437303772494274
0.046504900592504825
0.012301307108665007
0.095510661415577
0.07112348411508698
-0.14144623703141687
0.05478926829215891
-0.27976265754017837
0.15768492647589882
-0.18701245478170717
-0.13456481986793
0.2743423287117832
-0.13966663907994284
0.31389335344771735
-0.03355156569830308
0.2896472704138379
-0.10098708925078716
-0.20647460407927717
-0.27238920382885096
0.04610127507379498
-0.3032424113235902
-0.4716582323362238
-0.006358814879462959
-0.2930070271774731
-0.08495547521413699
-0.394897893100573
-0.027801806518331123
-0.03202147168590909
0.020285655061987002
-0.03843381625655908
0.05101265472806089
0.15224311881322442
0.09579227184115882
-0.07550326003211914
0.03610062166360691
-0.0020168133181310095
0.18843855987361907
0.16281052464447549
-0.3949968586785078
0.005454024049609004
-0.48684139826625555
0.029351088916526893
0.00933284533854102
-0.04895806787378109
0.3351956165952763
-0.003166871650511027
-0.003699818111136963
-0.06791768675407887
0.188146801455731
-0.14343926281713526
-0.04020035601696508
0.20673864050296079
0.044485344747257086
-0.14478441436074652
0.08961487387154107
0.08986050382994903
-0.11566161619403514
-0.08179052262293693
0.11546273262715716
0.13602972620412657
-0.2422204164336409
0.14333250272615852
0.18340341166423674
0.2641267551251194
-0.04958329226462699
-0.12448701152737526
0.20012103319450295
-0.14905418893565908
-0.0928288537007209
0.11471565142506464
-0.14657108076713232
-0.09815994950096493
0.22134979364120316
0.009861096765634996
-0.0921269999891514
-0.27466486223098446
0.002601693485109026
0.05699099988893499
-0.16051949005287475
-0.012352701440625063
0.18312650741974104
0.2069325147659151
0.0755447320260636
-0.010691385142417027
0.10329291328436106
-0.30867177497878545
-0.23980244849168927
0.3299748781550238
0.018322065886989092
0.05056073167758091
0.2100478628512012
0.3022179043200929
-0.03656874055475714
0.15442837308448934
0.04721470114027306
0.11062449879333491
0.29475467920174736
0.019418258049708977
0.059897882233991076
-0.1486856199963396
-0.1569545883992216
-0.2872034389285009
-0.03677997579869707
-0.11770714816139649
0.091799844349651
-0.006362375030950957
-0.02658948197208702
0.09383147509759696
-0.12677651332717862
0.20935255179038922
-0.1610783363327351
0.08951572086132874
-0.18337798312591508
-0.16606599368128494
0.35543125595765956
0.03169959700982097
-0.041207186428699014
-0.05023018074303904
0.0836433612685471
-0.00985704711745499
0.048725643749129
-0.014008351354788971
-0.05056581528780703
0.042820574716496966
0.19387357153481266
-0.002674093078938966
-0.14601540195347545
0.08463621574888491
0.13912183369708683
-0.2984089710654806
-0.18343945876652312
-0.13832985968261247
-0.33632006548000765
-0.0013256658214810453
-0.12003033261306695
-0.11629449192894303
-0.02958484352243296
0.18877180358117893
-0.18199927877803904
0.004929191914851
0.04973347042332111
0.02880984932122501
0.19463201605775707
-0.06598521714165674
0.010043746513652979
-0.024275077594775023
0.30096666716393805
-0.05186788606637504
-0.014989316389458968
0.043268609985988964
-0.21794067633491662
0.03631347376797307
-0.15595447436826299
0.043655981196897106
0.023896327675483095
-0.2434600937498275
0.0012945786358150699
0.20870551658017325
-0.02452755526864504
-0.1185648749580988
-0.009362083400695033
-0.15919367866551704
-0.15005685948652855
-0.07342187995394321
-0.17570488070399778
-0.244856913084131
-0.07721611256951096
0.16301655578130128
0.17562198782861924
-0.20118057148561497
-0.08947098813960715
-0.1376128188601494
0.03394360717366713
0.09614859125046084
-0.16454279723312112
0.05718449163560701
0.0869706394636669
0.27478970382941126
0.06717603207221096
0.2192317077345124
-0.19414030144057845
-0.09274784649318076
0.6130946978815982
-0.08918049443368124
0.019659442020466922
0.223552393255423
0.2633285267470386
0.32184413079656604
0.21190952515864728
-0.0692641200338016
0.10182237335936699
0.16825651139109318
-0.35706977792598926
0.047000746694031044
0.14000710704460695
0.36287475176752465
0.01600609477652108
0.11000614037492115
0.3682041753023569
-0.1465962935868817
0.00806402725722104
-0.22727702398775163
0.09323197242275903
0.021507398401123163
-0.041382545001617005
-0.2941800239991246
-0.3271188104267394
0.21937179860890074
0.1301700575603452
0.09477520043824905
-0.037739488373654956
-0.1339651042889707
-0.20808005560741288
0.13559789338134692
-0.19811470849168528
-0.2891101863850002
0.019733359503006996
0.115612022018355
0.2456829322366326
0.2764827520855688
0.09891854864374106
0.007947396064454956
-0.23552360139793707
-0.027065593174593044
0.15460317644820898
-0.0013829046376510055
0.281450128734564
0.011446979317113054
-0.06299542907107891
-0.18061175376446717
-8.396824836697356e-05
-0.0024329110920950107
-0.15915490586974487
-0.07834707898067685
-0.03497858277151086
0.02786969219486704
0.10478446256171697
0.18718771922031113
-0.09260373859944893
-0.17936935799098488
-0.2210885597955186
-0.23467209094977062
-0.03355559537505116
0.12043320133244685
0.0846481772587412
-0.14607959201113116
0.16606310098487279
0.017724441627769066
0.05955431451290311
0.0073234808737150225
0.1390653460506986
0.24542010216597507
-0.4313409938413841
-0.03221346646695101
-0.2387487581343014
0.18122263097609473
0.06541161733383499
-0.0629387980234127
0.2969101408610617
-0.17816700887795545
0.03865004505204491
-0.34881258340154686
-0.03383564633961904
0.17728400745092243
-0.024603937001581033
-0.04387723167245501
-0.194115246116347
0.058990877119889075
-0.1737790812107626
0.042820131937112836
0.1312183872832212
-0.10093159028184703
-0.081666993664051
-0.07789473781176681
0.16378449977294035
0.04656960132404891
-0.052626179227101014
0.3254779545234757
0.14724067604849103
0.029081011685717053
0.23844072582334702
-0.016533394654479085
-0.08938593154772924
0.163832490697607
0.13651478228874528
0.18696149653764696
0.14712780669842662
0.06681277245653294
0.22583785560401287
-0.1774907182207292
-0.21630294372321565
0.023023828493717067
0.2687333079598657
0.003550519003303002
-0.11974283045965295
0.13361380841561268
-0.04428238498156904
-0.1530914513788885
0.08835773742297118
0.15979032824993664
0.3402385417864352
0.43773462781597783
-0.10168096281387089
0.14859302271293254
0.10800659413047455
-0.047184674129982965
-0.06686431263900698
-0.2186789536773513
0.06899646437361692
0.19672862948763722
0.186871519797895
0.26097629205076933
-0.04054352400831882
-0.025890454785314935
-0.20549911584840325
-0.22545288286837087
0.18260292286892515
0.22354574331315702
-0.06331942668886284
-0.17066612841209317
-0.02159994472329894
-0.4169538581421483
0.24537552134491092
0.056335726423171174
-0.027896478339275017
-0.017359186235526895
-0.12252826336099491
0.2893491881711915
-0.2264733007037203
0.07788351960658281
0.091136994049579
0.26662008720897457
0.2925999060060812
-0.18839586529009753
-0.1987016973344231
-0.07948689019694861
-0.20383279952067745
0.007924923219658998
0.09926997327267503
-0.0902753832048352
-0.06139347734018108
-0.17780730123301705
-0.448750690899076
-0.30900630975451676
-0.10396821614407324
-0.11345913694573888
0.37007554740113663
0.020883974263119016
-0.04334768349328098
-0.16748171781252702
0.012312056158960905
0.12475054376807113
-0.0732390488644593
-0.07374382005185125
-0.26384099773343045
0.085403822615781
0.181017982163589
0.29737883870196735
0.1798569999750847
-0.06135691798261301
0.05578193175568108
-0.039330505779847064
0.02190709675956908
0.12944719435414898
-0.07052974034383504
0.02296936100215298
0.05125859392200115
0.3528726839462092
-0.15513980029906432
-0.08902625024652669
-0.21705980663918084
0.009388669755996995
0.30062751247223485
-0.15147514983861501
0.04811669697098102
-0.21458234087050945
0.09108133282355724
-0.33079627387156835
0.30258144346912236
0.48977779429046425
-0.11670483630141894
-0.28558038906188127
-0.25529917494326926
-0.11042342266368681
-0.04638694069425885
0.07916971341325307
-0.24780075106470123
0.06956543424028898
0.13365516328952315
0.037552039243101056
-0.03288481298683326
0.07067034111915091
-0.09159915627714113
0.2273292369680013
0.15958000366581082
-0.13980255210880094
-0.024337650852372997
-0.13642033920021734
-0.014648431560678974
-0.12322549861866519
-0.01106778625851502
-0.06702357417982927
-0.2168933418288449
-0.21545454417108703
-0.21524759569337298
-0.04665664684421523
-0.059179328147526876
-0.21804948741433477
-0.06982685945788707
0.20043776790918896
-0.16435954800212538
-0.4641457461222537
-0.14644615125478758
0.06181573223242705
0.01666297558398905
-0.18643312006963084
0.1844956990681991
0.2797545850443757
0.16954351033655313
0.08149964362718504
-0.3567242248834708
-0.16199942808124235
0.026793453520131013
0.22853433853850708
0.21460839552499722
0.07759373702761127
-0.15433482530214482
-0.392669220370156
-0.13494506444732346
0.04090661418606888
0.6072722344684695
-0.015278216395038933
-0.07451982199573473
0.1560932754262784
-0.3019644943210538
-0.15251446777023445
-0.4431827771043692
0.2350136488230608
0.09556573292298125
-0.26044761324506316
0.10439430675535295
0.23055995540381516
0.1069273258053548
-0.3496106927958656
0.02570893507067897
-0.046696206318155076
-0.12804028977898887
-0.008743424302601001
-0.13745285054460724
-0.022506591118925053
-0.08877432706046295
0.054726278290564964
-0.15943289236697902
0.030819249732871052
-0.008214575266703003
0.09540345428557506
0.07061021384558706
-0.11936293598992705
0.009079681983744982
-0.25987183661100716
0.14106335296530914
-0.23156413051368693
0.07189063576675295
-0.03644868520374505
-0.06659299808018276
-0.2603931303061082
-0.1530503401126232
0.42262119822808114
-0.3339346877765343
0.18285013948105477
-0.034286859350962984
-0.304646016633491
-0.27289986629837276
-0.24732249915859755
-0.00784510058652501
0.31988953787183505
0.3330130454952535
-0.025896415930151077
-0.13287217621644273
-0.16588899942556884
-0.020260240602932914
0.07132323298077896
0.16320555266819464
0.1537655143178929
0.10588038846314857
-0.04651338069862703
0.19271616888190118
-0.04254143531228515
-0.3060442783726699
-0.09748072563727296
0.16058065094293109
0.156720365545199
0.01235344416620899
-0.18024695600744642
0.0015826565826049816
-0.10021870641579293
-0.08316837342396294
0.194230775048185
0.16630500713220908
0.2992626897189304
0.15104714175449327
0.18350259670598132
-0.03463077970018898
-0.018558264291616965
0.010135134471701007
-0.056212954114292946
-0.1325811344488966
0.051266603066719145
-0.08699793660837896
-0.05347385143216503
0.034800103696831064
0.01600993328229095
0.10854197632886513
-0.3319672352763816
0.08104020237410099
-0.12629173934257448
-0.14004694661598718
0.27602556753145385
0.22001516914759445
-0.0033753105573069825
-0.0914513773803629
0.35411524293038377
0.17485100434029338
0.28308639683419307
0.0796561565707109
-0.13774213321964077
-0.011977758236167011
-0.3458153886101463
-0.13996258804120676
-0.12933540186338932
0.02320162297656707
0.11241634550811093
0.07274410430950913
0.10690827127664664
-0.10291521436476085
-0.06307650144441501
-0.07539778314826687
-0.12898751371905878
0.023638585927729
0.07657849658053119
-0.041728901445155175
-0.11909940713609302
0.21822770071622918
0.01641199739675497
-0.07035984018848884
0.30538561823276583
0.07140797543729895
0.1557646771548271
-0.07124209229456886
0.03884899517123305
0.1441919705358505
-0.2246849285435474
-0.2184116447283971
0.06638202456295487
-0.06940250020744515
-0.10430129322399918
-0.2890360026880217
-0.32056182073662476
-0.04997418885722696
0.0535076036746449
0.19779431396767513
-0.04689903525444698
0.08623114265009685
0.024103356390139025
0.20759626052937066
0.21173162277726065
0.11317995517962928
0.07064038521742506
-0.006166943876454993
0.13902045851707692
-0.050003702828639064
-0.043097755689359175
0.09287454944183321
0.09133061930558921
0.13536311961012504
0.18897236740015144
0.20775315066314898
0.17318118965557142
0.009811208794796933
-0.03507519448130106
-0.10090836925212487
-0.1485238908716251
-0.29924159898702446
0.09748576432434906
0.2976301803065014
-0.2133561560481975
0.05017317966541704
-0.07887274039413303
0.13927507232051925
-0.01829343194326896
-0.1997454579963787
0.18650400596052538
-0.21750525889356231
0.14580181699301337
-0.29232054617932485
-0.225043359955493
0.06753029212772102
-0.2119128434923125
0.35681673201829284
-0.18845461046172937
-0.320442832669016
-0.04961553320379103
-0.04963717470198115
0.10250047028177496
0.013615176827027033
0.08438320118815086
0.005842847783240953
0.0026652145669150253
0.07728764156948677
0.17328824827429354
-0.029431184414360958
-0.14268050084152062
-0.0971267619859831
-0.19252414132947873
-0.1528057269717794
0.112724499117011
-0.0043691910148069635
-0.08452993005942479
0.10780908699593707
0.027453314075458986
-0.046234435344215
-0.10543805889636294
-0.1331629666842854
-0.05725929087600502
0.14062244309788896
-0.13774536060331108
0.04324260141122896
0.05536897521025509
-0.17243567459853526
0.03377877916711299
0.12676450164519715
0.2695785972208094
0.3103439107150552
0.40453080042494166
-0.07207881623983489
-0.04833125794273297
0.35213959185981486
0.054677029313454965
-0.1175246905227829
-0.3259191798321309
-0.3210932088610002
0.07831952436403275
-0.23107156532845724
-0.12424112629694856
0.002727394877146952
-0.14943428633127698
0.12229033208060672
0.01720418297992108
0.006049781104543022
-0.15990422125643491
-0.09992897828416275
-0.2702353284114786
-0.04145576708298485
0.046972739805147073
-0.013756055843471122
0.34739240092277657
0.2343449433095953
-0.09912639748288697
0.2459755658607493
0.3689260688035453
0.0
