0.0
0.0
0.0
0.0
0.0
0.0
0.0
0.0
0.0
0.0
0.0
0.0
0.0
0.0
0.0
0.0
0.0
0.0
0.0
0.0
0.0
0.0
0.0
0.0
0.0
0.0
0.0
0.0
0.0
0.0
0.0
0.0
0.0
0.0
0.0
0.0
0.0
0.0
0.0
0.0
0.0
0.0
0.0
0.0
0.0
0.0
0.0
0.0
0.0
0.0
0.0
0.0
0.0
0.0
0.0
0.0
0.0
0.0
0.0
0.0
0.0
0.0
0.0
0.0
0.0
0.0
0.0
0.0
0.0
0.0
0.0
0.0
0.0
0.0
0.0
0.0
0.0
0.0
0.0
0.0
0.0
0.0
0.0
0.0
0.0
0.0
0.0
0.0
0.0
0.0
0.0
0.0
0.0
0.0
0.0
0.0
0.0
0.0
0.0
0.0
0.0
0.0
0.0
0.0
0.0
0.0
0.0
0.0
0.0
0.0
0.0
0.0
0.0
0.0
0.0
0.0
0.0
0.0
0.0
0.0
0.0
0.0
0.0
0.0
0.0
0.0
0.0
0.0
0.0
0.0
0.0
0.0
0.0
0.0
0.0
0.0
0.0
0.0
0.0
0.0
0.0
0.0
0.0
0.0
0.0
0.0
0.0
0.0
0.0
0.0
0.0
0.0
0.0
0.0
0.0
0.0
0.0
0.0
0.0
0.0
0.0
0.0
0.0
0.0
0.0
0.0
0.0
0.0
0.0
0.0
0.0
0.0
0.0
0.0
0.0
0.0
0.0
0.0
0.0
0.0
0.0
0.0
0.0
0.0
0.0
0.0
0.0
0.0
0.0
0.0
0.0
0.0
0.0
0.0
0.0
0.0
0.0
0.0
0.0
0.0
0.0
0.0
0.0
0.0
0.0
0.0
0.0
0.0
0.0
0.0
0.0
0.0
0.0
0.0
0.0
0.0
0.0
0.0
0.0
0.0
0.0
0.0
0.0
0.0
0.0
0.0
0.0
0.0
0.0
0.0
0.0
0.0
0.0
0.0
0.0
0.0
0.0
0.0
0.0
0.0
0.0
0.0
0.0
0.0
0.0
0.0
0.0
0.0
0.0
0.0
0.0
0.0
0.0
0.0
0.0
0.0
0.0
0.0
0.0
0.0
0.0
0.0
0.0
0.0
0.0
0.0
0.0
0.0
0.0
0.0
0.0
0.0
0.0
0.0
0.0
0.0
0.0
0.0
0.0
0.0
0.0
0.0
0.0
0.0
0.0
0.0
0.0
0.0
0.0
0.0
0.0
0.0
0.0
0.0
0.0
0.0
0.0
0.0
0.0
0.0
0.0
0.0
0.0
0.0
0.0
0.0
0.0
0.0
0.0
0.0
0.0
0.0
0.0
0.0
0.0
0.0
0.0
0.0
0.0
0.0
0.0
0.0
0.0
0.0
0.0
0.0
0.0
0.0
0.0
0.0
0.0
0.0
0.0
0.0
0.0
0.0
0.0
0.0
0.0
0.0
0.0
0.0
0.0
0.0
0.0
0.0
0.0
0.0
0.0
0.0
0.0
0.0
0.0
0.0
0.0
0.0
0.0
0.0
0.0
0.0
0.0
0.0
0.0
0.0
0.0
0.0
0.0
0.0
0.0
0.0
0.0
0.0
0.0
0.0
0.0
0.0
0.0
0.0
0.0
0.0
0.0
0.0
0.0
0.0
0.0
0.0
0.0
0.0
0.0
0.0
0.0
0.0
0.0
0.0
0.0
0.0
0.0
0.0
0.0
0.0
0.0
0.0
0.0
0.0
0.0
0.0
0.0
0.0
0.0
0.0
0.0
0.0
0.0
0.0
0.0
0.0
0.0
0.0
-1.2e-07
-8.3e-07
4.31e-06
-2.967e-05
-1.562e-05
-6.559e-05
0.00010457000000000001
8.907e-05
-0.00011292000000000001
-6.91e-06
-0.00014069
0.00013659000000000002
-0.00028058
-0.00012339000000000002
-0.00111585
-0.00042185
-0.00030428000000000003
3.9919999999999957e-05
-0.00038095000000000023
0.00018659000000000001
-0.00031832000000000014
0.00019476000000000012
0.00067835
-0.0005405899999999998
0.0009892399999999997
-0.0006108499999999999
0.0020177100000000002
-0.001784
0.0010118299999999994
-0.0004399300000000012
0.0016197199999999994
-0.0024147800000000014
-0.001061409999999999
-0.00060524
-0.0003396099999999998
-0.0013921200000000002
0.0013162400000000009
0.0016916099999999992
-0.00145891
0.00510928
-0.04828166
-0.10768415000000002
-0.26525593999999997
-0.18111768000000003
-0.00016758999999999473
-0.06023442000000004
-0.061194750000000006
-0.008613500000000024
-0.06923448000000007
0.07900702999999996
0.15719898999999998
-0.06666595999999997
0.07737247000000003
0.08759895000000001
0.21004159000000003
-0.12383482
-0.10355356
0.3276535199999999
-0.01966095
-0.3797921900000001
-0.5707498099999997
0.04519463999999998
-0.22566272000000004
-0.32884246000000006
0.47216823999999985
0.46463841
0.18122171
0.04349683000000001
-0.10987483000000002
-0.010875259999999972
-0.12037800000000005
-0.16216090000000002
0.21737764999999995
-0.03326010000000001
0.03832813000000001
-0.5076469699999998
-0.29023254000000004
0.20991114999999988
0.03875622
0.4335271200000001
-0.027148300000000018
-0.03915727
0.36173478000000003
0.31692083
-0.12170644
-0.015510879999999986
0.21156513999999998
0.016525470000000018
-0.2584737699999999
-0.49247079000000005
-0.20314089000000005
0.08705107999999999
0.41765627
0.28031790999999995
0.057812529999999994
-0.21511146
-0.18645664000000006
-0.12697955000000002
-0.03977092
0.22577727
-0.07126659999999999
0.05403368999999999
-0.04539283000000001
-0.09613173999999997
-0.27073948999999997
-0.40736109
0.14598324000000004
0.14795016
0.03823121
0.06992084
-0.084827
-0.5542630000000001
-0.37794310000000003
0.30493194000000007
0.2619074
-0.15198919
0.05148632999999998
0.46993729000000006
0.10878505999999998
-0.4669517000000001
-0.47594649000000006
-0.07652591
-0.11118093000000004
0.13785658999999997
0.15678605000000004
0.06316212000000002
0.2638246600000001
0.23129943999999994
-0.06535418000000001
-0.1294187
0.18369235000000003
-0.24900235
-0.12042626000000001
0.22588297999999998
0.5518425300000002
0.25737992000000015
-0.5881593399999999
-0.44426169000000026
-0.07624515
0.21301603999999996
0.31277236
0.07156661999999998
-0.30599264
0.23653861000000007
0.01349765999999999
-0.6262670100000002
-0.02877727000000001
0.16649978
0.08655887999999998
0.29902569000000007
0.5354894299999999
0.13975109
-0.25492559
0.2665435100000001
0.23358235
-0.02904297999999996
0.17229097999999998
-0.31408449
-0.30463421
-0.21490015000000012
0.14228299999999997
0.5574618900000001
-0.10853198000000003
-0.19872785
-0.2840684799999999
-0.20385071999999996
0.24040649
-0.09747487
-0.17494376999999994
-0.005478410000000006
-0.24639924000000007
-0.29249332000000017
-0.14219245000000003
0.19903151000000005
0.02110985000000001
0.21324186999999992
0.16442008
-0.33765508
-0.16111938000000003
-0.011793350000000006
0.3574735300000001
-0.07240435999999997
0.12386132999999998
-0.15106624000000002
-0.45853511000000013
0.41313645
-0.13432007000000007
-0.05637584999999998
-0.03078206000000004
-0.13184507999999995
-0.048108340000000006
-0.41038939999999996
-0.1496706
0.2594550299999999
0.28232108000000006
-0.07236900999999997
-0.14881320000000003
-0.15256042
0.41029224000000003
0.52188454
-0.00982010999999998
-0.11656015999999998
-0.17132033
-0.40171041999999996
-0.1928453
0.24473287000000005
-0.1086652
-0.2527632499999999
-0.07401347000000004
-0.0011076300000000061
-0.002154750000000006
-0.22858338999999997
-0.2027464500000001
0.29594296
0.34722495999999986
0.11940148000000003
-0.14856717000000008
-0.09366614
0.22268315000000005
-0.030410969999999992
-0.17032160999999996
0.11350471999999999
0.3400780900000001
0.031446319999999986
0.11909075000000002
0.27446741
0.25456181999999994
-0.25429572999999994
-0.8149829900000003
-0.05784902000000001
0.38513442999999997
0.18022824999999992
-0.47795149
-0.27187379000000006
0.41963212
0.16895145
0.2274423199999999
0.17853379000000005
-0.32667422
-0.62204589
-0.09026504000000003
0.029698709999999906
-0.14990763000000001
0.06086293999999998
-0.11791240000000003
0.03874636000000003
0.41760363000000006
0.42411102
-0.13105161
-0.24783170999999998
-0.3652568800000001
-0.42093288999999995
0.18534248000000003
0.13627908999999994
0.14069111999999992
0.08590978999999999
-0.22819243000000006
-0.12694233000000005
-0.15705842000000003
-0.39589074000000024
0.03135118999999998
0.5027615099999999
0.23401343
0.25109292
0.13527612000000003
0.006238560000000046
0.029098380000000014
0.015031090000000018
0.37075238
0.07515651
-0.07648963999999998
0.06628183000000003
-0.18369120000000003
-0.06305554000000001
0.49209642
0.35147899000000016
0.021494920000000056
0.24847384000000008
-0.05238636999999998
-0.0016877399999999751
-0.10433102000000001
-0.045026830000000004
0.43031809
0.026995840000000017
-0.25638036
-0.5735525300000002
-0.36624562000000005
0.25523656999999994
0.46438589
0.08625377000000002
-0.29662716
-0.011148129999999985
-0.03778386000000001
0.23876877
0.04429631999999998
-0.13151534999999992
-0.06907134999999998
-0.5117444599999998
-0.11614687000000001
0.0689197
0.15342120999999997
0.41932040000000004
0.32216497
0.10750687000000003
0.018133439999999983
0.025905260000000017
0.03099260000000001
0.24812438999999994
0.27494905999999997
0.11218495
-0.06777322999999999
0.09110642999999999
0.14355405000000004
-0.05762687
-0.08714181
0.13527542
0.28082456999999994
-0.07240109999999998
0.06465073000000002
-0.14342850999999995
-0.19969183000000001
-0.10184100000000001
0.1358677599999999
0.5759462100000002
0.22182843999999993
0.20548319000000007
-0.15849158000000002
-0.19181959000000007
-0.22333725999999998
-0.23602277000000002
-0.31086679
0.16526221000000005
0.6925411700000002
-0.11379786
-0.10321647
0.14615050000000002
0.04573264
0.07791244000000007
0.24136425999999997
-0.18951960000000007
-0.11578995999999996
-0.08060804000000003
-0.03022619999999995
-0.16668767999999998
-0.6530666200000002
-0.11747045000000006
0.05912746999999994
0.39911571000000007
0.5184742
-0.05721395999999999
-0.3319245099999999
-0.021922379999999998
0.1872227800000001
0.16015373999999996
-0.008259949999999995
0.3047784599999999
0.25339285
-0.19590038
-0.011287739999999987
-0.2433471600000001
-0.4565203
-0.23532398999999996
0.12566254
0.24996866999999995
0.13113799999999998
-0.16507657999999997
0.024153810000000005
-0.11074123999999998
-0.20573754
0.07117151
-0.26718549
-0.43619252999999986
-0.40839234
0.11306539999999995
0.5114842300000002
0.42267064
0.07305308000000008
-0.13970876
0.024777890000000025
0.40488564999999993
0.18400199000000003
-0.28804500999999993
0.15205079
0.12129535999999998
-0.14631624999999995
0.10071703000000003
0.12595338
-0.20240711999999997
-0.2058532500000001
0.08390834000000004
-0.07709015999999999
-0.17017208000000003
0.1300545
0.08933296
-0.040309009999999985
0.06529849000000001
0.03481599000000001
-0.15379004999999996
-0.09512872999999998
0.09548236
0.2404755000000001
0.09971963999999998
0.22262853999999999
0.06413104
-0.36992965999999994
0.10437290000000005
-0.012516510000000008
-0.20254815000000004
-0.3451632200000001
-0.18424651999999997
-0.08339447000000001
-0.010601130000000007
0.50622764
-0.01785171
0.09602998000000004
0.28449752000000006
-0.09364368000000002
-0.09596684000000003
0.05742934000000001
-0.03780933999999998
-0.4299056700000001
-0.05697591999999999
0.51049084
0.3808844199999999
-0.04419630000000001
-0.07668736999999999
0.07491623999999998
0.08562068
0.19588501
0.06991926
-0.03812522999999997
0.05631722
-0.09105887999999998
0.04021206
0.044644420000000004
-0.38757369999999997
-0.01604063
0.15799244999999992
0.16573219
-0.01461017000000002
-0.13294720999999998
-0.10136276
-0.6015134799999998
0.19402156999999998
0.3621733400000001
-0.09478673999999995
-0.17238572
0.2696215600000001
0.5091486500000001
-0.17205386000000003
-0.04107212999999997
-0.05745909000000001
-0.09389277999999995
-0.13542697
0.16316356
0.6205658799999999
-0.06641815
-0.4732955599999999
0.07093646000000002
0.018156529999999987
-0.3858923800000001
-0.08457564000000004
0.28016691000000005
0.5381388500000001
0.38625119
-0.07401222999999993
0.06288722000000004
0.03508667999999999
-0.12309484
-0.14797337
-0.23153264
-0.01060414000000002
0.23690909000000004
0.32644335
-0.07584873999999997
-0.21284627999999994
-0.05933644999999999
-0.018671739999999996
-0.05915192000000001
-0.15347729000000002
-0.07108655000000001
0.01604462999999999
0.009790879999999986
0.29720058
0.35263275999999993
-0.22076998999999994
0.050486669999999984
0.05195168000000001
-0.29729538999999994
0.14905189
0.11234000999999995
-0.28171369
0.09806003999999999
0.18377065999999992
-0.22548625
-0.12882603999999992
-0.018408740000000003
-0.07757632999999999
0.04808585999999999
-0.02660969000000003
-0.14103206
0.17222669
-0.14009567999999994
0.023906380000000015
0.07474500999999996
0.03958749000000003
0.10690474999999999
0.08266857
0.5360882100000004
0.09215758
0.10656068000000002
-0.2974696600000001
-0.25441450000000004
0.07348877
0.13881867000000006
0.3233191099999999
-0.22012715
-0.26181184
-0.15626605000000002
0.3877021
0.5039290200000001
-0.14600661000000004
-0.46663807999999996
0.002140340000000006
-0.23164825
-0.3145813699999998
0.055806759999999934
-0.14625602000000001
0.21707370000000004
0.13668148999999996
-0.024076539999999976
-0.20931564000000003
-0.5654424100000003
-0.08877371000000006
0.6150534900000002
0.27991913999999996
-0.26187438999999985
-0.04043351999999999
0.13250733000000003
0.06958960999999998
0.40263678999999997
0.11153523999999998
-0.23612591999999993
-0.01271778999999999
-0.3583399100000001
-0.15526844999999997
0.23006811999999993
0.2260855300000001
0.17329193000000004
0.30067151
0.06471871000000001
0.39954607000000003
0.6696496
-0.22756464
-0.18882457999999994
-0.04460275
-0.18829376999999994
-0.5030764600000001
0.17481591000000002
-0.030630810000000022
-0.71577874
0.41833066999999996
-0.06417318999999999
-0.18631414999999998
0.12158613999999997
0.30648039999999993
0.6206252700000001
-0.2757370700000001
-0.4404839899999999
-0.10087148999999998
-0.14654434999999988
-0.6889416099999999
-0.3657372000000001
0.5941860299999998
0.60112307
0.3331861600000002
0.0021447799999999837
0.007915409999999986
0.08799375000000001
-0.3345615800000001
-0.21430129000000003
0.045018239999999994
-0.006932630000000011
0.08423713999999997
0.2398913300000001
0.41216079000000005
0.7771436899999998
0.3624040899999999
-0.5622752100000001
-0.43544272
-0.0727117
0.14153486999999998
0.048771800000000004
0.09559074000000002
0.06728165000000003
0.27187166
0.48048898000000007
-0.14313798
-0.24610233000000006
-0.006941959999999978
0.4243458800000002
0.10771722000000002
0.07837093000000005
0.4440767500000002
0.1945917899999999
-0.05136334999999999
-0.32243187000000006
-0.15502487999999998
-0.05347403000000002
0.25341555000000004
0.25496620999999997
0.29978277
-0.02626838000000001
-0.4347533399999999
0.07301055000000002
0.25621795
-0.02433664999999999
0.1271477500000001
0.16974659999999994
-0.10449117000000002
0.30433208999999994
-0.03052085999999999
0.11918151000000007
0.30336090999999993
-0.18858959
-0.06468036999999999
-0.1389955
0.18984597
0.29316299000000007
-0.2760445600000001
-0.18002499000000002
0.27373231
0.14450094999999993
-0.20669039
-0.20786177999999997
0.43100799999999995
0.31818549000000007
-0.18336978999999998
0.19262556000000006
-0.11304329
-0.15759615999999999
0.07014375000000002
-0.058754429999999996
0.32028358999999995
-0.15604707000000007
-0.41098081000000014
0.05731211999999999
0.00657679999999999
0.11721760999999997
0.17582168999999997
0.43436631000000003
0.14717258
-0.5739749099999999
0.03245900999999999
0.47393275
-0.3746805800000001
-0.36733252999999993
0.19806678000000003
-0.40644237999999994
0.08934941000000002
0.24696525
-0.06367260999999999
0.21358429999999998
-0.06209874
0.10941064
0.0036847699999999852
0.25404991999999993
-0.05269531000000002
-0.31951598000000014
0.2696750599999999
0.20683101999999992
-0.17538440999999996
-0.19941456999999996
-0.042219770000000004
0.16088623000000002
0.40909456
-0.16889959999999996
-0.21815601999999998
-0.19378854
-0.27894624999999984
0.039719319999999995
-0.07889118999999999
-0.18798290999999995
-0.08218095000000004
0.30248116
0.39107825
0.16441457000000007
-0.27062241
-0.5146201399999999
0.05431032000000001
0.4419751999999999
0.08591840000000002
-0.08240106
-0.24862962000000002
-0.38310534
-0.08706694000000005
0.06594724999999997
0.3286750300000001
-0.12310869000000002
-0.5976819700000001
-0.02103234000000001
0.33908151999999997
-0.07917617999999996
-0.09715805999999998
0.07767350999999997
-0.13880000000000003
-0.11460192000000002
0.16147788
0.35533973999999985
-0.040848390000000005
0.15453220000000004
0.20868826000000004
0.1755098400000001
0.17455455999999997
0.3105792400000001
0.26122542000000004
-0.03200119000000002
0.36287173000000006
-0.29920310000000006
-0.04641283999999997
0.41490531
0.17455627000000007
0.25789618999999997
0.22373198
0.4548003400000001
0.17384230000000012
-0.027717579999999954
0.18514264999999996
-0.15343137999999998
-0.39070570999999993
0.27272099999999994
0.5326340700000003
0.030678200000000006
-0.44271794
-0.24286240999999997
0.1397863699999999
-0.003786540000000002
0.0446997
-0.03305547999999999
-0.00012055000000000022
0.29024973000000004
0.27819127000000016
-0.06982523999999996
-0.37677334999999995
-0.2604273
-0.3284918699999998
0.010309769999999998
0.3000782200000001
0.14057349999999993
0.38385785000000006
0.1171753
-0.19906696999999998
-0.03776293000000001
-0.20616841000000002
-0.07109475000000001
-0.2743647799999999
-0.5229800900000005
0.23950415
0.15949312
0.05575074000000005
0.44620006999999995
0.2634731599999999
-0.011069790000000012
-0.14977627000000004
0.11854971
0.10090607
0.08277258
0.21771424
0.06179967999999997
-0.10975897000000001
0.012883740000000006
0.42109954
0.15203292999999998
-0.17345149
-0.26438559000000006
-0.17067184
0.11159285000000001
0.1382291300000001
0.3600698199999999
0.23070291
-0.02660299000000001
-0.27862886000000003
-0.4751966699999998
0.29543857999999984
0.59984322
0.32007834000000007
0.007982619999999996
-0.29058749000000006
0.08662907000000002
-0.03267457000000001
-0.27636356999999995
0.016295319999999995
0.26537924999999996
0.18794983
0.021887190000000018
0.24684657999999998
0.29635767
0.13159984000000002
-0.24515968999999993
-0.22090275999999995
-0.12895422000000004
-0.28041768999999994
0.05638017999999998
-0.35290916
-0.31846385000000005
0.3720143800000001
0.039135649999999994
-0.032181589999999996
0.20775602999999995
-0.16847648000000004
-0.04337179
0.21057337999999995
0.06442145
0.12029333999999998
-0.048859790000000014
-0.22363254999999999
-0.1602700800000001
0.11704674000000001
0.24391134
0.15466877000000007
0.10523633000000003
0.04237455000000006
-0.5194665300000003
-0.4649866800000001
0.25431467
0.29830871999999997
0.41843402
0.2772867200000001
-0.29418138
-0.26250456
0.12398770000000002
-0.20096250000000004
-0.26998061000000007
0.31648047
0.37837889
0.09774205000000008
0.15434249000000003
-0.019051970000000015
0.003796409999999971
0.4147025600000001
-0.12814721999999995
-0.26036030999999993
-0.13359264000000004
-0.3034088299999999
0.14538757000000002
0.30692151
0.10934819
0.17752278999999999
0.14516220000000005
-0.09065126000000003
-0.012408639999999983
-0.05790264999999999
-0.2500442500000001
0.07705843
0.21622769999999988
-0.33004165
-0.33126156000000007
-0.32239269000000015
-0.5567636599999999
-0.03351692000000002
0.23904421
0.36110028000000005
0.18396699
-0.25677945999999996
-0.4303159700000001
-0.08582139000000001
0.5207956999999999
0.5417476299999999
0.19270643999999998
0.05800016000000003
0.15780265
-0.28838939
0.07693557000000004
-0.013971850000000034
-0.3630239499999999
-0.02665571000000001
0.21101773000000001
0.29048860000000015
-0.33565410999999995
-0.24949027999999995
-0.3077706700000001
0.10044062000000001
0.09153156999999995
-0.12722774000000003
0.11987638
-0.09634131999999997
0.23623493000000007
-0.10721115000000003
0.027589110000000028
0.5456602499999998
0.033199750000000014
-0.27254909
0.14679609000000002
0.40893809999999997
0.06352020000000003
0.04141886000000003
0.08983147999999998
-0.33752576999999995
-0.05396430999999999
0.005162989999999978
0.03977614000000003
0.0007863200000000067
-0.6793989800000003
-0.08621675999999999
0.41933679999999984
0.24555624000000004
0.19347845999999994
-0.023598629999999985
-0.15682237000000002
0.1727977499999999
0.19464280000000003
-0.03550217
0.2648834100000001
0.3343938099999999
-0.25534619000000003
-0.31078435
-0.05595122
-0.46581325999999995
-0.035054409999999994
0.0493082
-0.18219715
0.05175430999999998
0.020154009999999993
0.2626970599999998
0.10912514999999999
-0.06125925999999994
0.2531644200000001
0.2990944
0.10657854
0.13915062999999997
-0.06054290000000001
-0.20271961
-0.24422550999999995
0.3977460200000001
0.7096747200000002
0.12033719999999998
-0.012308270000000001
-0.5657097700000002
-0.34252229
0.30376248000000006
0.22399504999999997
0.16506449999999995
-0.13915782000000007
-0.22894034999999996
0.26930643
0.257102
-0.004117149999999996
-0.009605769999999996
-0.07465112000000003
0.043744300000000014
0.08787438000000002
0.012763189999999987
0.18522033999999996
0.06183492
-0.2892005399999999
0.04335221000000004
-0.18152108999999994
0.05526916000000003
0.37218405999999987
0.24030429
0.41253278000000004
-0.3750652599999999
-0.5141317499999997
-0.15712385000000006
0.06273593
0.23245997999999998
-0.23245235999999997
-0.2978881800000001
0.20086459999999995
-0.0140769
0.2733881400000001
0.1879433199999999
-0.26225181999999997
-0.05266776999999999
-0.37683554
0.20255450000000003
0.09500969999999992
-0.24795138
0.15787191999999997
0.2706851700000001
0.018268729999999993
-0.010197229999999969
0.13143425
-0.09139049000000002
-0.05878957000000001
-0.16908556
0.2772162400000001
0.13642709000000003
-0.09700106999999998
-0.02399095000000002
-0.052409959999999985
0.12535964000000002
-0.32155386
-0.17801545
0.0049694499999999794
0.38394533000000003
0.6324006299999999
0.011838500000000007
-0.05813320999999998
-0.40238789
-0.3074311799999999
-0.16967218000000006
-0.19226249
0.23749962
-0.018567540000000004
0.2027270600000001
0.13686213
-0.21470256
-0.21391281999999992
0.08197183000000001
0.23137195000000005
-0.011943099999999996
-0.11547912000000002
-0.11364117999999998
0.15126548999999997
0.18931439000000005
0.07773350999999999
-0.46066545000000003
-0.24683884
0.16538834999999996
-0.055649580000000004
0.05101057000000001
-0.00432421000000003
-0.15796469000000005
0.10412988000000001
0.11968133000000004
0.11784384000000002
0.29131979999999996
-0.13330893
0.20380141
0.21680550999999995
-0.09958102999999995
0.18328527
0.12594935
-0.03681274999999999
-0.059334019999999994
0.06745490999999999
0.21876312
0.37576068999999995
-0.06924603000000001
-0.17722849000000004
0.014190679999999995
0.07578097000000003
-0.16764599000000002
-0.25427262000000006
0.39284319000000006
0.16011575999999994
-0.07133760999999998
-0.0223197
0.07044115999999999
0.33833464000000013
0.33710503
0.12736866000000005
-0.43133354999999995
-0.34476365999999997
-0.09051141000000001
0.5453130700000001
0.59693469
-0.46259382999999993
-0.10663028000000001
0.16898520000000003
-0.0916197
0.13151853999999996
-0.08377286
-0.34643781000000007
0.017997730000000007
0.15724063000000005
-0.3351953999999999
-0.33011666000000006
0.08697342999999998
-0.0034982200000000154
0.15385293999999997
0.03157433999999999
-0.15009422999999997
-0.06303300000000002
-0.08997351
0.4128201600000001
0.17814282000000006
0.010929429999999997
0.10912418999999998
-0.19436301
-0.2111521600000001
0.10821177000000004
-0.017668660000000024
0.04831715
0.37539995000000004
0.10783351999999995
0.20527694000000002
0.047703579999999995
-0.08632692999999998
0.032589049999999994
0.3740964700000001
-0.1598705200000001
-0.5574025000000002
-0.020457470000000002
-0.19101341000000002
0.42708265999999995
0.6640547700000001
0.35415916
-0.043268439999999984
-0.50514432
-0.09964819999999998
-0.04522749000000001
-0.12817475999999997
0.06311678999999999
0.32299816000000003
0.35213000999999994
0.1443659
-0.22632624999999998
-0.46427949999999996
0.08952571000000002
0.06460714999999999
0.01978705
-0.017463360000000032
-0.4793616600000002
-0.09418868999999994
-0.18999900000000003
-0.21950684999999998
0.18493321
-0.009818769999999997
-0.13358137999999994
-0.08544084000000002
-0.24683136
-0.06360618000000003
0.22683742
0.04794920999999998
-0.10017037
0.10907636999999995
0.33516274999999995
0.24848857000000013
-0.3174520899999999
-0.3583869300000001
0.33347924
0.3562253499999999
0.2866362300000001
-0.0448749
-0.02930181999999997
0.17660728
0.29929076000000016
-0.01889527000000001
-0.5764625999999999
-0.06979170000000003
0.02499665999999998
-0.03165155
-0.23623079
-0.03044387
0.11263210999999995
-0.11738074000000004
-0.040975069999999995
0.04301714999999999
0.22039537999999995
0.18124621
0.31771536
0.19732192999999998
0.28034985
-0.13896597
-0.57017271
-0.13456741999999997
-0.03842551000000001
0.008708399999999986
0.11434743000000001
0.19360158
0.011418089999999995
-0.28531998999999997
-0.20696231000000004
-0.15902024000000003
-0.14747526999999996
0.44273301000000004
0.1762751
-0.33003420000000006
-0.2600062500000001
-0.03827190000000001
0.62457011
0.16191507
-0.07255909000000002
0.11443355999999996
-0.3084341599999999
-0.33588336
-0.03654424000000002
0.13139783000000005
0.04755045
-0.032330759999999986
0.06832433999999998
0.030477590000000006
-0.27893339999999994
-0.37038181
0.009373869999999992
0.4545521199999999
0.3017846900000001
-0.21996114000000003
-0.4829782299999999
0.26802166999999993
0.3942516999999998
-0.03230009
-0.46113173000000013
-0.35877804999999996
0.3555456600000001
0.2946827799999999
-0.08820294000000001
-0.45808804
0.02560328000000004
-0.13984071999999992
-0.0033158099999999833
0.22650191
-0.32541865999999997
-0.4942447899999999
-0.13920344
0.34739558000000004
0.08201193000000001
-0.2576846199999999
-0.21155076
0.26554836000000004
0.18360807999999992
0.08395131000000003
-0.13449937999999997
-0.24452484000000002
0.05225101000000001
-0.10901316000000001
-0.13452480000000003
0.12923774999999996
-0.0060063700000000265
-0.19755496999999997
0.3002936499999999
0.6593499399999999
0.47694591000000003
0.012897200000000077
-0.09127412999999994
0.07108028000000002
-0.21885573
-0.41740203999999986
-0.0021302699999999927
-0.07535520000000004
-0.53234855
-0.18101670999999997
0.38085051000000003
0.38623171999999995
0.11788202000000002
-0.013691749999999987
0.032121790000000004
0.14653039999999998
-0.30532084000000004
-0.3321552400000001
0.43947664
0.06498461000000001
-0.08402452999999996
0.23755366000000003
0.06277201000000003
0.020325390000000013
-0.024811310000000003
-0.08526827
-0.19580184999999994
0.031360589999999994
0.053708249999999964
0.12595846000000002
0.04664178999999999
-0.09311389000000002
-0.35318974
-0.7626922
-0.0522802
0.2638392500000001
-0.008404250000000012
0.13672097
0.0068121099999999945
0.009969079999999995
0.04004192999999996
-0.5841284200000001
-0.17304809000000002
0.5729798600000002
0.45882698
0.1603407700000001
-0.14000045
-0.23143279999999997
-0.31302721000000006
0.33474507000000003
0.6399503499999999
0.2259454000000001
0.16963926000000004
-0.06819902000000003
0.07435091
0.24258417000000002
-0.04796993000000001
0.11025661
0.01685795999999998
-0.67518607
-0.5796613500000002
0.09357429000000003
0.5715707600000001
0.44310409
-0.5176061400000002
-0.8152934700000002
0.3506926000000001
0.8723795599999999
0.020815099999999993
-0.07592672999999998
0.07700281000000003
0.13410213
0.14694307999999995
-0.06144443
-0.19061325
0.06394018
0.3102600900000001
-0.03288366999999999
0.15869619000000004
-0.10365102000000002
-0.022788389999999978
-0.016822310000000004
-0.26946294
0.12358177999999999
-0.07118377
0.03239960000000001
0.43323399
0.04764190000000002
-0.3557888400000002
-0.07638217000000001
0.13934330999999994
0.1431283500000001
-0.28348181000000006
0.09605724000000004
0.17961968999999994
-0.17557856999999993
0.11245268000000001
0.0650351
0.20791206
-0.10077412000000002
-0.12282021
0.18378410999999997
-0.18747410000000003
0.02844108000000002
0.35043401
-0.17167169000000002
-0.15926612000000004
0.15595794000000002
0.18936713000000005
-0.07992320000000001
-0.33834368
-0.4210814800000001
-0.08142973
0.43267705999999995
0.20451910000000004
0.07700686
-0.0027458500000000067
0.04721371000000001
-0.22700736999999999
-0.40649350000000006
-0.10413441000000002
-0.35065892
-0.31192754000000006
-0.23141555000000008
-0.013818100000000028
0.41701331999999997
0.029904069999999984
0.012141730000000003
0.16620148999999992
0.09796635000000001
-0.13299735999999998
-0.06667540999999998
0.31838601000000016
0.22307548
0.14544970000000004
-0.19526544999999998
-0.09256517999999994
-0.022320940000000025
-0.13284112999999997
0.1937278100000001
0.27889690999999994
0.33608831
0.34472980999999997
-0.30813223
-0.2656556499999999
-0.16151587000000003
-0.10910843000000002
0.4886988400000001
-0.06788428000000002
-0.30848285999999986
0.27713235999999997
0.38084140999999994
-0.15276864999999995
-0.06251128
-0.0034037700000000264
0.020921230000000023
0.22863800999999995
-0.11570676
0.20915787000000002
0.2593592800000001
-0.08893961999999998
-0.15485960999999998
-0.18190870000000006
0.02825815
0.056094120000000004
-0.039528279999999985
-0.34118418999999994
0.02683372
0.3207213999999999
-0.11248252000000002
0.019224570000000003
-0.12500501000000003
-0.04745328999999998
-0.11315537000000006
-0.04702645999999998
0.33873531999999995
0.15450352999999997
-0.17667939999999996
-0.19602733000000003
-0.3319267600000002
-0.52089766
0.006700369999999997
0.10327467
0.19117195999999997
0.05978661999999997
0.003583000000000006
0.05290197
0.11188672000000005
0.2493883
-0.15551133000000003
-0.27789675000000014
-0.2962107299999999
0.11798898999999999
-0.07342592000000002
-0.36827744000000007
0.024609740000000005
0.27544233000000007
0.33947186
0.0062981600000000075
0.05249881000000005
-0.2045992300000001
-0.14272612000000004
0.5890717999999999
0.16575968000000005
-0.23340755999999996
-0.0860061
0.013144330000000013
0.16821601000000005
0.17273908
-0.16806214999999997
-0.5064448199999999
-0.2144338
0.2185195299999999
0.03871632999999996
0.014468140000000006
0.7724199099999998
0.08198676999999999
-0.6564239699999999
-0.41265124000000003
-0.1298808300000001
0.13856606000000005
0.05682824999999998
0.14745818000000002
-0.21608082999999995
0.15317691999999994
0.57972824
0.24991929
-0.27028903000000004
-0.10124016999999992
0.44482969999999994
-0.20531202
-0.30468404000000004
0.2984864799999999
-0.14792374
-0.4243513999999998
-0.12075253
-0.2914543099999999
0.07840721999999997
0.20512423000000005
-0.13653600000000002
0.14934009000000006
0.22713904999999993
-0.35868927999999994
-0.45178399
0.0010223899999999995
-0.05361950000000001
0.26486603999999997
0.35361992999999997
-0.3467732599999999
0.039686079999999985
-0.11563515000000003
-0.4563917299999999
-0.006388949999999987
0.03148637999999997
-0.006866930000000013
-0.46130347000000005
-0.20853328000000004
0.12960880000000008
0.18047358000000008
-0.22507865000000007
-0.5342438600000002
0.023757079999999976
0.22085232000000002
0.19343615000000003
0.36236602999999984
0.14168534000000002
-0.40215043000000006
-0.006040429999999982
0.19053082
-0.00656648999999998
-0.29308355
-0.14114338999999998
0.29950107000000004
0.52193674
0.16835481000000008
0.0623011
0.17808552999999996
0.11663569999999998
0.5038173199999999
-0.11752297999999997
-0.013145939999999953
0.10666914000000001
0.37373764
0.4198683200000002
0.16117437000000007
-0.024244149999999968
-0.5601367699999998
-0.1372033
0.04567317999999999
0.07525337000000004
-0.24550580000000005
0.14127712000000003
0.6589674799999998
0.48064804999999994
0.021160379999999968
0.20320192000000006
0.22792020000000002
-0.2886862399999999
-0.26656967000000015
-0.2924518200000002
-0.03931022000000002
0.022940569999999976
-0.007493500000000014
0.12491788999999996
0.27798625000000005
-0.03650488
-0.10861441999999999
-0.20908037999999998
-0.26670717999999993
0.07456917999999998
-0.009571510000000016
-0.08265912000000002
0.07904084
0.20348083000000003
0.18114272
-0.17975793000000004
0.16021394
0.7369027900000001
0.09475935999999999
-0.08424386999999993
0.2747293199999999
0.25621317999999993
-0.32413727999999997
-0.052408849999999965
0.15069179
-0.3112195599999999
-0.32903305999999993
0.22057836000000006
0.41475556
-0.6401525100000001
-0.39102294000000015
0.26893312
0.42925026999999993
0.16021733999999999
-0.35892585
-0.5054635100000002
-0.057542389999999985
0.5040013899999997
0.14118917
-0.04533136999999999
0.13299106000000002
0.4404535200000001
0.35738142000000017
0.0016392800000000274
0.029821590000000033
0.08805058999999998
0.03429222999999999
-0.27029999
-0.35300042
-0.10764332999999998
-0.20852748999999998
-0.17732291000000006
0.19129945999999995
0.18944964999999991
0.14788023999999997
0.18658524
-0.18986190999999997
-0.1285110499999999
-0.16002882000000004
-0.16683983000000002
0.12152947999999998
0.33785497000000003
0.15161803000000007
0.2333998999999999
0.19267095
-0.5270336900000001
-0.16296245
-0.1665064500000001
-0.17037319999999997
0.19731145999999994
0.39654852
0.019509349999999988
-0.26419082
0.36152602000000006
0.5282898700000003
-0.021378179999999976
0.19119786000000003
0.3150541500000001
-0.5828683
-0.34197730000000004
-0.18311149000000002
-0.021133759999999994
0.06013058999999993
0.21735859
0.14455145000000005
-0.3099734099999999
0.19188419000000004
0.20188949000000006
0.3700193299999999
-0.04726518999999998
-0.4963039200000002
0.13329256
0.18181029
-0.17487961999999999
-0.06078871999999999
0.018967850000000005
-0.07994777
-0.06906850999999997
-0.35133510999999995
-0.33358245000000003
-0.10467177
0.40233413000000007
0.41978366
-0.30699922
-0.09164036999999998
0.20070662
-0.04286229999999999
0.17894755000000004
-0.26494251
-0.5715023899999999
-0.24566212000000004
0.02832233999999999
0.06947657000000004
-0.41830062000000007
0.10805299999999997
0.16353772999999994
0.007267850000000028
0.28024688
0.07178379999999998
-0.3077388500000001
-0.39373901999999994
0.05262841999999998
0.28874103000000007
-0.04772048000000002
-0.4873732899999999
-0.2762342
-0.07358119999999996
0.5960152199999998
0.5978006400000002
0.023291240000000053
-0.3017288
-0.6327578
0.06903329
0.41499903999999993
0.23544244000000003
-0.06889894000000003
0.07780599000000005
-0.18479426000000004
-0.7044484600000003
3.835999999999835e-05
0.44520887000000015
0.08693842999999998
-0.2838693500000001
-0.15951031
-0.29407465
-0.45819726000000016
-0.08622156000000002
0.48648723999999993
0.09200531999999989
-0.22496163999999996
-0.10316806000000005
-0.30835033999999983
0.06546131000000001
0.30123848000000003
-0.17143090999999996
-0.09970339999999998
0.42038596000000006
-0.048792490000000015
-0.14659223
-0.27639099000000017
-0.23281111
0.19872164999999992
0.11794207999999995
0.013317009999999992
-0.006833539999999984
0.5413811199999999
0.15810036999999996
-0.15541285999999993
0.25534270000000003
0.05149992999999999
-0.13431187999999994
-0.2964358599999999
0.12915565000000012
0.052306599999999974
-0.40734321
0.10681392
0.3136545700000002
-0.10559106
-0.39691097
0.07581769999999997
0.44727844000000005
-0.05937452000000002
-0.30184591000000005
-0.07641194000000004
-0.28398154
0.06370358
0.21265369999999992
-0.09037866999999995
0.06675009999999999
-0.04748617999999999
0.14378241
-0.14670552000000003
-0.3104745300000001
0.24221663000000002
0.21687956999999994
0.22708226000000006
0.19993915000000004
-0.26147659
-0.12179869999999998
-0.3267049600000001
-0.20143424000000001
0.23231035000000003
-0.6267332499999996
-0.30009855
-0.019537080000000068
-0.09392405
-0.009771040000000095
-0.15242284000000003
0.5558188300000003
0.26978941000000006
0.23008523000000006
0.21447672000000004
-0.5575002000000002
-0.07756285999999996
0.26131563999999996
-0.07238881000000004
-0.05334120000000001
-0.09882514999999999
-0.16824616000000003
0.25701753999999993
0.03885669000000002
-0.07919919000000002
0.16024222000000005
-0.18067684999999997
-0.11514685999999998
0.08990632999999996
0.4963838499999999
0.5989435099999997
0.15391516000000008
-0.34469533999999996
0.008880630000000023
0.01920754999999998
-0.5509179699999998
-0.15879290000000001
0.02595522999999997
-0.0025651400000000187
-0.30978924
-0.1776727
0.23247682999999997
0.4266292600000001
0.38814218
-0.04324839999999999
-0.015554189999999949
0.28300045000000024
0.24645578999999995
-0.06822197999999997
0.10034361999999997
0.07027158000000001
-0.34297730000000015
-0.08274766999999994
0.21364788
-0.16287421000000005
0.21369661000000004
0.6382200099999998
0.07278745000000005
-0.40146427
-0.38045293999999996
0.14036889999999996
0.29239215
0.31717263000000007
-0.14615680000000003
-0.07345061000000001
0.2608315299999999
0.020069690000000008
0.05086289999999999
-0.27664291999999996
-0.008598369999999963
0.22361657000000001
-0.10930858
-0.19653897
0.30769286
-0.14014516999999999
-0.34623531999999996
-0.002842530000000034
0.03979460999999998
0.34613592
-0.2782807600000002
-0.47641496
-0.39330392999999986
-0.14441178999999996
0.11580071
0.07400037
0.1449968
-0.18744660000000005
-0.38031966
-0.04708020999999999
-0.07003607
0.043283880000000004
-0.22925919000000017
-0.15322138
0.41001021999999987
-0.08038608999999997
-0.3572872099999999
-0.44924875999999997
0.07787162999999998
-0.027973520000000054
0.0005147600000000204
0.34594130999999995
0.26787057000000003
0.29933894
-0.16536540000000005
0.13348838000000016
0.03378789
-0.08873984000000001
0.03493544
-0.01758777999999999
-0.05238589000000001
-0.23253511
0.17376570000000002
0.07615811
0.041930430000000025
0.3784347899999999
0.29854749
-0.09360368999999999
-0.15230383000000003
0.11144188
0.024764780000000007
-0.27917321
-0.13577091000000005
0.20875563000000003
0.03624812999999999
0.23902870000000007
0.43342606
0.13779755999999996
-0.45846377000000005
-0.10439384999999997
0.48192014000000005
0.08837104999999998
-0.27794425999999994
-0.17591224
-0.23910386000000003
-0.43479008000000013
0.046212360000000015
0.003575029999999982
0.09045903999999999
-0.01638721000000002
-0.22236942999999995
-0.15545071
-0.12026535999999999
0.32767631
0.5538503600000001
0.31966952999999987
-0.2661458100000001
-0.29761793
-0.2604917000000001
0.17956056999999992
0.3984142600000001
-0.06145959000000001
-0.20845002
-0.45179006
-0.15702511999999996
-0.013076160000000047
-0.07505313999999998
0.21822789000000004
-0.3099933899999999
-0.17271404999999992
0.45177934
-0.02754478999999999
-0.33321599000000013
-0.32545606999999993
-0.06735453
0.14361209000000003
0.0046021099999999935
0.09534921000000002
-0.05499392
-0.38366982000000005
-0.24163860000000004
-0.07132202000000004
0.0012533699999999765
0.12966845999999996
-0.3488469999999999
-0.2669879099999999
0.34769346
0.33487946
0.24070113000000007
-0.05940420999999999
0.020893449999999987
-0.04191679999999999
-0.31112243999999994
-0.3224023999999999
0.09643366999999999
0.5038032000000002
0.14622926999999994
0.13881564999999998
0.08462003999999998
-0.07516845999999996
-0.17571365
0.059273060000000016
0.32128578
-0.27860251
-0.38323847
-0.14423628
-0.0575579
0.13701129999999995
0.16902897000000003
0.20351665
0.07234524000000003
-0.21909725999999996
-0.3994915599999998
-0.033252599999999986
0.19940972999999998
-0.24070561000000001
-0.29445757000000006
0.049242539999999994
0.08661017999999998
-0.04817223
-0.03230627000000001
0.28744433
0.07523912000000003
0.16046394000000005
0.003812839999999976
-0.05933597999999999
0.21056639
-0.47952982000000016
-0.07308136000000001
-0.18086501000000013
-0.17739640000000007
0.03809744999999998
0.23579497000000002
0.5717393299999998
0.25010918
0.05170318999999998
0.2730854900000002
0.63560511
-0.11174386000000001
0.06551169000000007
0.24808919
0.20221277000000001
-0.026563630000000005
-0.3024178
-0.03307226
-0.058858390000000003
-0.11589255000000001
-0.22717117999999997
-0.03411357999999998
0.18890356
0.011084449999999975
-0.19598596
-0.13189793000000002
-0.03296730000000001
0.7035770100000001
0.33797782
0.17739887999999995
0.0012400499999999962
-0.49299583000000013
-0.05804083000000003
-0.36925946000000026
-0.0014878799999999942
0.24477019999999994
0.037627270000000025
-0.12464447999999999
0.05540567999999999
0.10185374000000001
-0.32194623999999983
-0.03640063000000001
0.2502282399999998
-0.05608386000000002
-0.14878415999999997
0.20850306
0.06747267999999998
-0.20317159
-0.15198207000000002
0.25185089999999993
-0.18063594000000005
-0.5026937799999999
-0.10706041000000008
0.19028386000000003
0.3170956200000001
-0.16276616000000002
0.06467929000000003
0.24487086999999996
-0.14459777000000001
0.06250072000000005
0.10089132000000002
-0.3409907999999999
0.010350869999999991
0.3982758999999999
0.28533395999999994
-0.05259329999999999
-0.22062130999999996
0.13542042999999995
-0.07079066999999996
-0.43123629999999985
-0.2633250600000001
0.03436383999999998
0.21263833999999998
0.15881151000000004
0.33788984999999994
0.20354137000000005
-0.6195510600000002
-0.29563755999999985
0.040595209999999965
-0.31913476
-0.30560341
0.12628491000000003
0.054720689999999995
-0.20486513000000003
-0.11214460999999999
-0.30969131
0.08351966
0.27184343999999994
0.32351253999999996
0.34929924
0.23541301999999997
-0.05725982999999996
-0.15869542
-0.11271071
-0.12048184999999999
0.11221222999999998
-0.11940982999999997
0.07856476000000001
-0.11112000000000007
0.06938571000000003
0.21208509
0.03831680000000002
0.10359082
-0.5448372499999999
-0.1373960599999999
0.3226539
0.061633530000000006
-0.12996818000000002
-0.05470358000000001
0.03739149999999997
0.02031899
0.03166757000000002
-0.14727517999999995
-0.20477473000000002
0.07604603999999998
0.24126225999999995
-0.07307324999999995
-0.09649859000000001
0.4851692699999999
0.4666641700000001
0.047626759999999976
0.23519193
-0.03450140000000002
-0.08722869999999996
0.07701721999999998
-0.10187204000000001
-0.21892403
0.14335832999999995
0.13718323000000007
-0.2707755499999999
-0.08917589999999999
-0.15399825
0.11017724000000001
0.07869103
-0.13774760000000005
-0.28351159
0.012381910000000015
0.31351213
-0.014460679999999983
0.25686804
0.048585680000000006
-0.03896497999999999
0.030823629999999977
-0.04703338999999998
0.24264236
-0.0659367
-0.37698278999999996
0.0637182
0.3431270799999999
0.10088007
0.15452914
0.22094213000000001
0.08403977
0.19035507999999995
0.19841296000000005
-0.17885769999999995
-0.4030886400000001
-0.15756228999999997
0.41817484999999993
0.30324765000000004
-0.059482009999999974
-0.10560305999999996
-0.16980806
0.1652001
-0.09014468
-0.34991528999999993
-0.34436259
-0.05731849999999997
0.12396988999999996
0.13485474
0.05761579000000006
-0.7829112700000002
-0.05028590999999999
0.3249208399999999
-0.48826200999999986
-0.45970273999999983
-0.2423347100000001
0.007391639999999961
0.23758882999999997
0.10210854999999999
-0.09936665000000003
0.42223574000000014
-0.06125729
-0.5972793499999997
-0.3803762900000001
-0.06185812000000002
0.07879584999999996
-0.33334067999999994
0.31035187999999986
0.36547747999999997
0.09202881000000002
-0.09588060000000002
-0.13641390999999992
0.33861919999999995
0.41023694
0.20999330000000002
-0.5606389099999999
-0.44706768
0.10766926000000003
0.26891497
0.27640414
0.1785718399999999
-0.09085199999999997
0.14774876999999997
0.39357666
-0.28841357000000006
-0.53201483
-0.40239133999999993
-0.25377179000000005
0.14880790000000005
0.33441426
0.30945774
-0.012927170000000002
-0.43194256999999986
-0.15059175
-0.17005030000000007
0.05786985999999999
0.38099274999999994
0.20136369000000004
-0.000348439999999999
-0.06881327000000002
0.21487331999999995
0.08848873
-0.12039007000000004
-0.19385886000000005
-0.20167115000000005
-0.09898288000000005
0.30733273000000005
0.5057612199999999
0.27642939
0.09719111000000002
-0.22987086000000004
-0.3160162799999999
-0.11183548
0.18257146999999993
-0.12868346
-0.16438788999999998
0.04411760999999998
-0.13148833999999995
-0.08303191000000004
-0.08469322000000001
0.6601431999999999
0.30006125000000006
-0.19112448999999998
-0.22053308000000002
-0.33896783999999996
0.14885415000000005
-0.21879332999999995
0.21909785999999998
0.36043472
0.20195758
0.007710879999999982
-0.47057168
0.07092608999999998
0.2412900600000001
0.22370484000000002
-0.034915999999999996
-0.027352699999999966
-0.030035520000000003
-0.22681495000000007
0.20182190000000003
0.18449508999999997
-0.07643006000000002
-0.24312176000000002
-0.17723545000000002
0.011905719999999976
-0.3685031499999999
-0.27982210999999985
0.13346501000000008
-0.09517088000000005
0.04080702999999999
0.19272195999999991
-0.2858258
-0.33796803
-0.14236146000000002
-0.13562343999999996
0.027971479999999972
0.011037209999999988
0.3394083299999999
0.34494733
-0.28287668999999976
-0.43264420999999986
0.0161318
0.3028681899999999
-0.07486249999999997
-0.007758079999999989
0.19939335
-0.2673352699999999
-0.5611759999999999
-0.45368433999999996
-0.33447554
0.29412494000000006
0.17904782999999996
-0.16567022
0.2605210600000002
0.23592711000000005
0.12942131000000004
-0.2530486700000001
-0.5405837800000002
-0.25014812999999997
-0.10342543999999997
0.2551981
0.39635941
0.24935665999999992
0.08904969000000001
-0.44576365
-0.35855233
0.2693808399999999
0.4980480500000001
0.09412442999999998
0.18660915000000006
-0.2920633100000001
-0.40426659
0.2804150000000001
0.027249249999999992
0.06068361000000002
-0.25742771000000003
0.09094258000000004
0.05923957
-0.4772301400000001
-0.29873518000000004
-0.12306001000000004
0.5275972499999999
0.5415995800000002
0.03509238000000001
0.016913790000000067
-0.09164992000000001
-0.22588715
0.15920517000000006
0.33156621999999997
0.38692002000000003
0.5841678200000002
0.27443246000000004
-0.3024372099999999
-0.30455992000000004
-0.49043912999999983
-0.06656046
0.4253882599999999
0.16024534
-0.06990971999999998
-0.24094160999999994
0.18990469000000007
0.26981805000000003
0.15474844999999998
-0.29640578
-0.5929554600000002
-0.3110163699999998
-0.04520841000000004
0.3060306199999999
0.10619910999999999
-0.04521707999999999
-0.017178040000000002
-0.14728306000000002
0.08082351000000003
-0.035067440000000005
-0.21877544999999998
-0.28053133999999996
0.29332985999999994
0.49403783999999984
0.02255067
-0.15900444000000002
-0.4683926
0.20767586000000002
0.24677226
0.16652575
0.023998279999999962
-0.08712849999999997
-0.41991402000000005
-0.6990774100000005
0.5568501500000002
0.8392270000000001
0.26956644000000013
-0.13111348999999997
-0.13057578
-0.09230603000000001
0.15904524999999992
-0.06986814999999999
-0.35769443
0.007192149999999984
0.1369451
-0.04611652
-0.07883781999999998
-0.20767048000000002
-0.19570634999999995
0.38644242000000006
0.21654762999999994
0.07899477000000002
0.04858636999999999
0.034203320000000016
0.08366182000000003
0.10487219000000002
0.3754959300000001
0.2755801499999999
0.08904652999999998
-0.05572853000000002
0.003151489999999998
0.16582581000000005
-0.02562439
-0.20938082000000005
0.34540137000000004
0.7127455200000001
-0.005616429999999968
-0.40180228
-0.11583326999999995
0.10162158000000004
-0.33509887
-0.5606522300000001
0.016121260000000012
0.33164592000000004
0.5975891999999998
0.18598701000000004
-0.46597284000000005
-0.4971975000000001
-0.22461217999999994
0.2680027700000001
0.53912337
0.5637187199999997
-0.15218081999999994
-0.6216614799999998
-0.73924817
0.015065950000000009
0.59960921
-0.022162829999999994
0.4579330200000001
0.4175975299999999
0.10357482
-0.34620818999999997
-0.3925698699999998
0.3721435800000001
-0.17101742
-0.4027444799999999
0.09357452999999999
0.56629652
0.12558288999999997
-0.18497830999999995
0.19514679
0.027481580000000023
0.08418874000000008
0.02802748000000001
0.005310280000000013
-0.023105290000000007
0.08823562000000001
-0.0034301400000000012
-0.18725101999999996
-0.07179236
-0.05173733999999999
0.2822838299999999
0.11166464000000004
0.19016754000000002
-0.06489263000000003
0.00984561000000002
0.06798227999999999
-0.07135920999999992
0.30396035000000005
0.18055203000000006
0.04234558000000004
-0.5832410700000001
0.15015957000000002
0.23953779999999997
-0.04489032999999998
0.6578936000000001
0.37304425
-0.03545713999999997
-0.45285023999999985
-0.6807719300000002
-0.3424179699999998
0.38763029
0.4981093599999999
0.16259911000000007
-0.15250308
-0.3245878600000001
-0.28920857000000005
-0.13980667999999996
-0.004613010000000002
0.09468935999999999
-0.016611410000000035
0.15941475000000005
0.4966895800000001
-0.03233321999999998
-0.4939339199999999
-0.21818665
0.1867328
0.34712656000000003
0.08388751000000001
-0.053488430000000003
-0.028741600000000013
-0.4355772599999999
-0.41069924000000013
-0.27874877000000015
-0.09630889
0.07473469999999997
0.16539441000000002
0.18663078000000002
0.021057979999999997
0.08937149
0.14581294000000006
-0.043937590000000006
-0.007593979999999996
0.08814399000000002
-0.1566587
-0.015619190000000002
0.023539889999999994
0.36026189000000003
0.10825101999999998
-0.14789109000000003
0.04619525000000002
-0.5048751799999996
-0.31427039000000007
0.1645741999999999
0.10497126999999999
-0.52152472
-0.41308398999999996
-0.009992739999999986
0.10743922999999997
0.4838567099999999
0.25726327000000004
0.35939556000000006
0.19006002000000008
-0.18056738
-0.20625023000000003
-0.29647698
-0.07880577000000001
0.031360229999999996
0.21630289000000005
0.22336283
0.05157905000000001
0.05553401999999999
-0.11537262999999998
-0.13354317999999993
0.05253995
0.09145213
-0.24394058000000007
-0.17032581000000002
0.11167882000000003
-0.38417960999999995
-0.18354732999999998
0.10730783999999995
0.07775957
0.08501751999999996
-0.06148673999999998
0.34806116000000004
0.34383721000000006
-0.19651473999999994
-0.002603859999999974
0.3653863900000001
0.40355637999999994
0.27737867999999993
-0.25976637
-0.39513639
-0.26701474000000014
0.050243259999999984
0.016958809999999977
-0.20505022
-0.26392852000000006
-0.28337954000000004
0.03005414000000001
0.060446299999999974
0.060899749999999996
-0.05662395000000002
0.044076540000000004
0.10190455000000004
-0.20960336999999998
-0.23372546999999996
-0.20376882000000002
-0.25675075
-0.19050514999999998
-0.02504810000000001
0.19973976
0.25714238
0.2616146899999999
0.24629620999999996
0.11203017000000007
-0.28893577000000004
-0.5010463099999999
0.30386001
0.19268679000000005
-0.14681033000000002
-0.03943523000000004
-0.027371039999999975
0.3224993400000001
-0.17136015000000004
0.07910053999999998
0.17934258999999994
0.2002708500000001
0.41068549000000004
-0.32454705000000006
-0.06499464999999999
-0.17690930000000007
0.17222849000000007
0.6745579600000001
-0.10031422999999995
-0.24977525
-0.19358035000000007
-0.09172035999999996
-0.012360110000000011
-0.008303870000000001
-0.009874290000000004
-0.14594656000000003
-0.13483345000000008
0.17048646999999995
0.38548474999999993
0.20969153000000001
0.12779330000000008
0.03208334000000003
-0.2509617699999999
-0.11989690000000003
0.12786837
-0.11835450000000002
-0.056461590000000006
0.21181780000000003
0.21524073000000005
0.09178198
-0.04782847000000002
-0.21060899000000008
0.05392925999999999
0.09478993
-0.10892286000000001
0.17924573
-0.10864552999999998
-0.45498821000000006
-0.5077297399999999
-0.3901771200000001
-0.15809333000000012
0.26052141
0.23559431999999997
-0.4318293000000001
0.02317209
0.6358332200000004
0.51487324
0.28083468
-0.22090842000000002
0.021165590000000015
0.23558812999999998
-0.1600066899999999
0.002064780000000005
-0.14579062000000004
-0.10348811999999998
0.17629226999999997
0.29673226999999996
0.24548532000000006
0.15671404000000014
-0.03815691
-0.3575698100000001
-0.23467152999999996
-0.4076805099999999