0.0
1.52587890625e-05
3.814697265625e-06
-1.52587890625e-05
0.007129669189453125
-0.00714111328125
0.061481475830078125
0.1468353271484375
0.723785400390625
0.9666519165039062
0.7340736389160156
-0.658538818359375
-1.8030853271484375
-0.06575775146484375
0.6594047546386719
0.04804229736328125
0.007450103759765625
-0.01137542724609375
0.011615753173828125
-0.01129913330078125
0.009998321533203125
-0.0089569091796875
0.0075225830078125
-0.006072998046875
0.004688262939453125
-0.00350189208984375
0.001728057861328125
-0.0007781982421875
-0.000244140625
0.001251220703125
-0.00206756591796875
0.00251007080078125
-0.002895355224609375
0.00286865234375
-0.002498626708984375
0.00328826904296875
-0.0067291259765625
0.017108917236328125
-0.09192657470703125
0.07205581665039062
-0.3904762268066406
-0.009746551513671875
-1.1028861999511719
-0.9595222473144531
-0.4294548034667969
-1.1212615966796875
0.6813163757324219
0.8408470153808594
0.047481536865234375
-0.012722015380859375
0.005214691162109375
0.000102996826171875
-0.000102996826171875
0.011627197265625
-0.01043701171875
-0.0012359619140625
-0.023723602294921875
0.010585784912109375
-0.004055023193359375
0.00861358642578125
-0.020740509033203125
0.01650238037109375
-0.0080108642578125
-0.001422882080078125
