          0
          0
          0
          0
          0
          0
          0
          0
          0
          0
          0
          0
          0
          0
          0
          0
          0
          0
          0
          0
          0
          0
          0
          0
          0
          0
          0
          0
          0
          0
          0
          0
          0
          0
          0
          0
          0
          0
          0
          0
          0
          0
          0
          0
          0
          0
          0
          0
          0
          0
          0
          0
          0
          0
          0
          0
          0
          0
          0
          0
          0
          0
          0
          0
          0
          0
          0
          0
          0
          0
          0
          0
          0
          0
          0
          0
          0
          0
          0
          0
          0
          0
          0
          0
          0
          0
          0
          0
          0
          0
          0
          0
          0
          0
          0
          0
          0
          0
          0
          0
          0
          0
          0
          0
          0
          0
          0
          0
          0
          0
          0
          0
          0
          0
          0
          0
          0
          0
          0
          0
          0
          0
          0
          0
          0
          0
          0
          0
          0
          0
          0
          0
          0
          0
          0
          0
          0
          0
          0
          0
          0
          0
          0
          0
          0
          0
          0
          0
          0
          0
          0
          0
          0
          0
          0
          0
          0
          0
          0
          0
          0
          0
          0
          0
          0
          0
          0
          0
          0
          0
          0
          0
          0
          0
          0
          0
          0
          0
          0
          0
          0
          0
          0
          0
          0
          0
          0
          0
          0
          0
          0
          0
          0
          0
          0
          0
          0
          0
          0
          0
          0
          0
          0
          0
          0
          0
          0
          0
          0
          0
          0
          0
          0
          0
          0
          0
          0
          0
          0
          0
          0
          0
          0
          0
          0
          0
          0
          0
          0
          0
          0
          0
          0
          0
          0
          0
          0
          0
          0
          0
          0
          0
          0
          0
          0
          0
          0
          0
          0
          0
          0
          0
          0
          0
          0
          0
          0
          0
          0
          0
          0
          0
          0
          0
          0
          0
          0
          0
          0
          0
          0
          0
          0
          0
          0
          0
          0
          0
          0
          0
          0
          0
          0
          0
          0
          0
          0
          0
          0
          0
          0
          0
          0
          0
          0
          0
          0
          0
          0
          0
          0
          0
          0
          0
          0
          0
          0
          0
          0
          0
          0
          0
          0
          0
          0
          0
          0
          0
          0
          0
          0
          0
          0
          0
          0
          0
          0
          0
          0
          0
          0
          0
          0
          0
          0
          0
          0
          0
          0
          0
          0
          0
          0
          0
          0
          0
          0
          0
          0
          0
          0
          0
          0
          0
          0
          0
          0
          0
          0
          0
          0
          0
          0
          0
          0
          0
          0
          0
          0
          0
          0
          0
          0
          0
          0
          0
          0
          0
          0
          0
          0
          0
          0
          0
          0
          0
          0
          0
          0
          0
          0
          0
          0
          0
          0
          0
          0
          0
          0
          0
          0
          0
          0
          0
          0
          0
          0
          0
          0
          0
          0
          0
          0
          0
          0
          0
          0
          0
       -258
      -1784
       9255
     -63717
     -33544
    -140855
     224560
     191273
    -242496
     -14841
    -302134
     293320
    -602548
    -264982
   -2396277
    -905923
    -653444
      85720
    -818091
     400691
    -683596
     418234
    1456738
   -1160919
    2124367
   -1311802
    4332989
   -3831125
    2172873
    -944756
    3478310
   -5185712
   -2279373
   -1299757
    -729322
   -2989569
    2826588
    3632689
   -3132999
   10972081
 -103684093
 -231249969
 -569632809
 -388947269
    -359913
 -129352447
 -131414740
  -18497366
 -148679930
  169666291
  337582245
 -143164073
  166156097
  188117296
  451060864
 -265933270
 -222379591
  703630561
  -42221586
 -815597534
-1225675902
   97054737
 -484607016
 -706183820
 1013973562
  997803374
  389170643
   93408719
 -235954417
  -23354459
 -258509802
 -348237896
  466814934
  -71425539
   82309013
-1090163583
 -623269648
  450780748
   83228335
  930992387
  -58300546
  -84089614
  776819510
  680582284
 -261362605
  -33309377
  454332662
   35488160
 -555068208
-1057572982
 -436241757
  186940754
  896909993
  601978113
  124151445
 -461948359
 -400412602
 -272686523
  -85407413
  484852978
 -153043873
  116036453
  -97480376
 -206441355
 -581408646
 -874801296
  313496607
  317720533
   82100882
  150153842
 -182164614
-1190270744
 -811626642
  654836338
  562441844
 -326394316
  110566037
 1009182627
  233614120
-1002771156
-1022087320
 -164338156
 -238759247
  296044760
  336695461
  135639604
  566559127
  496711747
 -140347046
 -277924558
  394476304
 -534728493
 -258613444
  485079988
 1185072793
  552719154
-1263062580
 -954044728
 -163735226
  457448448
  671673511
  153688129
 -657114207
  507962780
   28985991
-1344898181
  -61798733
  357555538
  185883765
  642152762
 1149954779
  300113164
 -547448552
  572397808
  501614259
  -62369339
  369992047
 -674491325
 -654197002
 -461494573
  305550403
 1197140276
 -233070669
 -426764824
 -610032433
 -437766102
  516268988
 -209325705
 -375688902
  -11764814
 -529138355
 -628124636
 -305355978
  427416899
   45333042
  457933412
  353089415
 -725108780
 -346001253
  -25326045
  767668545
 -155487193
  265990167
 -324412296
 -984696668
  887203757
 -288450169
 -121066229
  -66103987
 -283135172
 -103311891
 -881304541
 -321415181
  557175416
  606279888
 -155411280
 -319573927
 -327621025
  881095860
 1120738499
  -21088544
 -250311054
 -367907621
 -862666572
 -414132146
  525559822
 -233356760
 -542804962
 -158942733
   -2378633
   -4627306
 -490879110
 -435394701
  635532651
  745659905
  256412711
 -319045584
 -201146521
  478208407
  -65307077
 -365762886
  243749515
  730312122
   67530441
  255745423
  589414260
  546667328
 -546095939
-1750162662
 -124229841
  827069877
  387037206
-1026393023
 -583844533
  901153098
  362820460
  488428646
  383398378
 -701527559
-1335833394
 -193842717
   63777477
 -321924202
  130702155
 -253214965
   83207158
  896796955
  910771463
 -281431208
 -532214562
 -784383194
 -903946514
  398019930
  292657101
  302131861
  184489853
 -490039529
 -272606593
 -337280403
 -850168903
   67326152
 1079672105
  502540000
  539217924
  290503241
   13397192
   62488281
   32279002
  796184657
  161397359
 -164260268
  142339126
 -394473865
 -135410754
 1056769000
  754795367
   46159975
  533593490
 -112498894
   -3624412
 -224049179
  -96694398
  924101044
   57973109
 -550572647
-1231694697
 -786506497
  548116344
  997261091
  185228546
 -637001995
  -23940443
  -81140239
  512752015
   95125606
 -282427083
 -148329609
-1098962877
 -249423518
  148003912
  329469523
  900483686
  691843988
  230869231
   38941251
   55631106
   66556084
  532843055
  590448592
  240915329
 -145541915
  195649552
  308279957
 -123752778
 -187135631
  290501736
  603066159
 -155480193
  138836370
 -308010396
 -428834957
 -218701898
  291773778
 1236835054
  476372933
  441271775
 -340358092
 -411929449
 -479613131
 -506855057
 -667581364
  354897878
 1487220821
 -244379060
 -221655698
  313855794
   98210083
  167315677
  518325786
 -406990256
 -248657061
 -173104469
  -64910285
 -357959083
-1402449901
 -252265884
  126975257
  857094448
 1113414849
 -122866060
 -712802476
  -47077970
  402057842
  343927528
  -17738123
  654506741
  544156986
 -420692878
  -24240253
 -522584064
 -980369891
 -505354436
  269858231
  536803617
  281616693
 -354499274
   51869897
 -237815018
 -441818016
  152839636
 -573776487
 -936716340
 -877015888
  242806084
 1098404007
  907678271
  156880278
 -300022293
   53210096
  869485295
  395141248
 -618571968
  326526567
  260479787
 -314211770
  216288159
  270482810
 -434665996
 -442066504
  180191773
 -165549874
 -365441777
  279289896
  191841054
  -86562953
  140227426
   74766754
 -330261633
 -204287409
  205046793
  516417189
  214146281
  478091133
  137720345
 -794417913
  224139080
  -26879017
 -434968853
 -741232390
 -395666407
 -179088276
  -22765770
 1087115564
  -38336270
  206222800
  610953755
 -201098288
 -206087236
  123328547
  -81194956
 -923215411
 -122354873
 1096270712
  817943051
  -94910846
 -164684888
  160881385
  183868995
  420659842
  150150449
  -81873322
  120940292
 -195547472
   86354726
   95873145
 -832308201
  -34447007
  339286188
  355907153
  -31375114
 -285501975
 -217674887
-1291740381
  416658130
  777761307
 -203552988
 -370195531
  579007872
 1093388385
 -369482869
  -88201747
 -123392474
 -201633228
 -290827217
  350391059
 1332655066
 -142631908
-1016394493
  152334871
   38990836
 -828697592
 -181624821
  601653840
 1155644366
  829468101
 -158940069
  135049261
   75348054
 -264344173
 -317770409
 -497212576
  -22772235
  508758383
  701031739
 -162883947
 -457083919
 -127424072
  -40097270
 -127027798
 -329589989
 -152657223
   34455563
   21025740
  638233371
  757273069
 -474099958
  108419280
  111565367
 -638437004
  320086479
  241248315
 -604975561
  210582315
  394644469
 -484228051
 -276651828
  -39532487
 -166593917
  103263582
  -57143890
 -302864057
  369853983
 -300853198
   51338543
  160513670
   85013474
  229576186
  177529385
 1151240647
  197906879
  228837305
 -638811246
 -546350995
  157815913
  298110809
  694322484
 -472719474
 -562236662
 -335578803
  832583906
 1082179317
 -313546824
-1002097664
    4596327
 -497460847
 -675558360
  119844088
 -314082427
  466162205
  293521248
  -51703991
 -449501931
-1214278345
 -190640108
 1320817295
  601121760
 -562370987
  -86830339
  284557308
  149442534
  864655910
  239520089
 -507076568
  -27311265
 -769529116
 -333436472
  494067509
  485514963
  372141569
  645687136
  138982354
  858018638
 1438061549
 -488691361
 -405497717
  -95783691
 -404357810
-1080348488
  375414291
  -65779181
-1537123155
  898358259
 -137810893
 -400106606
  261104232
  658161631
 1332782603
 -592140867
 -945932179
 -216619891
 -314701612
-1479490857
 -785414674
 1276004770
 1290901946
  715511813
    4605863
   16998197
  188965126
 -718465539
 -460208529
   96675916
  -14887728
  180897863
  515162693
  885108544
 1668903350
  778256842
-1207476836
 -935106138
 -156147203
  303943803
  104736626
  205279536
  144486225
  583839929
 1031842214
 -307386487
 -528500747
  -14907761
  911275821
  231320952
  168300273
  953647543
  417882670
 -110301970
 -692417185
 -332913410
 -114834620
  544205732
  547535753
  643778580
  -56410935
 -933625708
  156788947
  550223844
  -52262573
  273047698
  364528029
 -224393096
  653548170
  -65543064
  255940330
  651462578
 -404993077
 -138900051
 -298490580
  407691101
  629562711
 -592801199
 -386600737
  587835643
  310313413
 -443864247
 -446379791
  925582615
  683298118
 -393783639
  413660226
 -242758632
 -338435192
  150632543
 -126174193
  687803757
 -335108546
 -882574584
  123076823
   14123558
  251722884
  377574190
  932794532
  316050694
-1232601746
   69705176
 1017762813
 -804620434
 -788840619
  425345156
 -872828382
  191876382
  530353821
 -136735905
  458668777
 -133356041
  234957544
    7912968
  545568032
 -113162332
 -686155357
  579122766
  444166220
 -376635167
 -428239544
  -90666284
  345500533
  878523862
 -362709144
 -468486499
 -416157733
 -599032526
   85296574
 -169417558
 -403690243
 -176482262
  649573330
  839834130
  353077585
 -581157217
-1105138351
  116630509
  949134498
  184508345
 -176954950
 -533928063
 -822712468
 -186974846
  141620624
  705824238
 -264373916
-1283512273
  -45166625
  728172005
 -170029567
 -208645361
  166802576
 -298070745
 -246105766
  346771091
  763086263
  -87721268
  331855358
  448154611
  376904495
  374853047
  666963820
  560977299
  -68722049
  779261092
 -642533782
  -99670831
  891002352
  374856720
  553827838
  480460752
  976676278
  373323479
  -59523070
  397590797
 -329491398
 -839034138
  585663874
 1143822941
   65880917
 -950729551
 -521543069
  300188928
   -8131553
   95991859
  -70986123
    -258896
  623306532
  597411187
 -149948579
 -809114627
 -559263385
 -705430934
   22140046
  644413057
  301879278
  824328438
  251632023
 -427493077
  -81095287
 -442743304
 -152674832
 -589193895
-1123091208
  514331230
  342508847
  119723786
  958207338
  565804285
  -23772210
 -321642107
  254583546
  216694120
  177752744
  467537754
  132713787
 -235705607
   27667605
  904304362
  326488216
 -372484257
 -567763748
 -366515002
  239643806
  296844781
  773244035
  495430710
  -57129504
 -598350937
-1020477093
  634449504
 1288153491
  687362985
   17142525
 -624031900
  186034495
  -70168119
 -593486262
   34993916
  569897584
  403619169
   47002366
  530098978
  636423235
  282608490
 -526476443
 -474385083
 -276927094
 -602192420
  121075501
 -757866668
 -683895924
  798894781
   84043151
  -69109453
  446152662
 -361800503
  -93140225
  452202875
  138343994
  258327965
 -104925617
 -480247257
 -344177392
  251355944
  523795596
  332148638
  225993282
   90998637
-1115545896
 -998551305
  546136576
  640613082
  898580201
  595468679
 -631749721
 -563724269
  266261544
 -431563698
 -579778960
  679636617
  812562463
  209899438
  331447957
  -40913810
    8152714
  890566951
 -275194077
 -559119527
 -286888026
 -651565517
  312217412
  659108907
  234823434
  381227271
  311733436
 -194672113
  -26647367
 -124345012
 -536965956
  165481704
  464345436
 -708759059
 -711378801
 -692333047
-1195640871
  -71977052
  513343518
  775456933
  395066086
 -551429708
 -924096528
 -184300047
 1118400234
 1163394163
  413833913
  124554380
  338878593
 -619311515
  165217859
  -30004338
 -779588011
  -57242716
  453157109
  623819504
 -720811727
 -535776314
 -660932499
  215694575
  196562533
 -273219510
  257432549
 -206891424
  507310632
 -230234210
   59247148
 1171796448
   71295900
 -585294730
  315242185
  878187867
  136408576
   88946309
  192911617
 -724831086
 -115887484
   11087419
   85418596
    1688591
-1458998215
 -185149098
  900518905
  527327996
  415491813
  -50677689
 -336773492
  371080326
  417992215
  -76240347
  568832772
  718105219
 -548351786
 -667404325
 -120154347
-1000326376
  -75278790
  105888539
 -391265415
  111141518
   43280393
  564137623
  234344458
 -131553276
  543666434
  642300317
  228875658
  298823685
 -130014906
 -435337066
 -524470307
  854153058
 1524014840
  258422153
  -26431825
-1214852498
 -735561036
  652324944
  481025693
  354473297
 -298839159
 -491645676
  578331145
  552122325
   -8841529
  -20628252
 -160312073
   93940152
  188708778
   27408726
  397757637
  132789459
 -621053447
   93098148
 -389813586
  118689599
  799259164
  516049516
  885907383
 -805446526
-1104089541
 -337420913
  134724370
  499203992
 -499187659
 -639710011
  431353430
  -30229928
  587096546
  403605187
 -563181512
 -113103189
 -809248174
  434982463
  204031758
 -532471550
  339027348
  581291963
   39231783
  -21898400
  282252885
 -196259599
 -126249659
 -363108490
  595317325
  292974929
 -208308225
  -51520190
 -112549548
  269207765
 -690531674
 -382285286
   10671796
  824516303
 1358069995
   25422970
 -124840137
 -864121432
 -660203444
 -364368250
 -412880571
  510026534
  -39873506
  435353031
  293909168
 -461070253
 -459374294
  176033148
  496867464
  -25647629
 -247989538
 -244042592
  324840147
  406549541
  166931425
 -989271536
 -530082388
  355168762
 -119506580
  109544351
   -9286187
 -339226604
  223617199
  257013682
  253067705
  625604491
 -286278764
  437660179
  465586272
 -213848648
  393602105
  270474154
  -79054792
 -127418853
  144858301
  469790208
  806939922
 -148704733
 -380595298
   30474239
  162738380
 -360017040
 -546046306
  843624310
  343845959
 -153196368
  -47931205
  151271225
  726568092
  723927526
  273522096
 -926281761
 -740374337
 -194371791
 1171050884
 1281907469
 -993412701
 -228986796
  362892937
 -196751824
  282433900
 -179900865
 -743969549
   38649816
  337671663
 -719826656
 -708920146
  186774003
   -7512387
  330396657
   67805366
 -322324919
 -135362351
 -193216658
  886524527
  382558776
   23470759
  234342399
 -417391405
 -453445828
  232382989
  -37943173
  103760276
  806165237
  231570704
  440828855
  102442644
 -185385688
   69984435
  803366035
 -343319346
-1197012774
  -43932100
 -410198191
  917153015
 1426046745
  760550992
  -92918281
-1084789185
 -213992897
  -97125311
 -275253218
  135542258
  693633249
  756193422
  310023398
 -486031935
 -997032649
  192254984
  138742778
   42492348
  -37502296
-1029421343
 -202268688
 -408019762
 -471387385
  397141030
  -21085662
 -286863844
 -183482821
 -530066329
 -136593248
  487129635
  102970130
 -215114249
  234239706
  719756509
  533625125
 -681723187
 -769630087
  716141197
  764988099
  615546602
  -96368130
  -62925192
  379261230
  642721992
  -40577303
-1237944024
 -149876549
   53679905
  -67971201
 -507301773
  -65377727
  241875600
 -252073237
  -87993308
   92378605
  473295460
  389223256
  682288525
  423745602
  602046706
 -298427168
-1224436587
 -288981352
  -82518168
   18701130
  245559220
  415756211
   24520148
 -612720031
 -444448195
 -341493382
 -316700744
  950761881
  378547875
 -708743066
 -558359187
  -82188292
 1341254085
  347709948
 -155819475
  245744181
 -662357330
 -721304041
  -78478174
  282174675
  102113798
  -69429792
  146725389
   65450107
 -599004931
 -795388897
   20130216
  976143229
  648077672
 -472362969
-1037187867
  575572137
  846649065
  -69363933
 -990272863
 -770470010
  763528477
  632826432
 -189414388
 -983736592
   54982609
 -300305675
   -7120663
  486409133
 -698831265
-1061382619
 -298937129
  746026311
  176119264
 -553373522
 -454301813
  570260743
  394295334
  180284051
 -288835237
 -525113113
  112208174
 -234103994
 -288889826
  277535938
  -12898599
 -424246082
  644875687
 1415943203
 1024233529
   27696511
 -196009720
  152643722
 -469989118
 -896364070
   -4574735
 -161824076
-1143209822
 -388730439
  817870228
  829426287
  253149695
  -29402826
   68981002
  314671618
 -655671529
 -713297963
  943768879
  139553372
 -180441320
  510142585
  134801848
   43648427
  -53281900
 -183112231
 -420481288
   67346337
  115337572
  270493717
  100162466
 -199960573
 -758469207
-1637869045
 -112270888
  566590460
  -18048004
  293606036
   14628880
   21408421
   85989370
-1254406247
 -371617957
 1230464863
  985323421
  344329165
 -300648691
 -496998169
 -672220830
  718859551
 1374282895
  485214035
  364297522
 -146456298
  159667344
  520945524
 -103014656
  236774253
   36202175
-1449951062
-1244813284
  200949242
 1227438844
  951558769
-1111550738
-1750829407
  753106612
 1873420826
   44700072
 -163051426
  165362256
  287982114
  315557845
 -131950924
 -409338854
  137310473
  666278454
  -70617160
  340797456
 -222588884
  -48937711
  -36125650
 -578667272
  265389836
 -152865997
   69577596
  930362890
  102310185
 -764050731
 -164029474
  299237467
  307365774
 -608772567
  206281339
  385730328
 -377052124
  241490279
  139661797
  446487735
 -216410793
 -263754409
  394673356
 -402597579
   61076738
  752551290
 -368662164
 -342021406
  334917110
  406662800
 -171633784
 -726587537
 -904265609
 -174869031
  929166897
  439201407
  165370959
   -5896684
  101390655
 -487494629
 -872938160
 -223626960
 -753034314
 -669859308
 -496961125
  -29674163
  895529270
   64218485
   26074152
  356914965
  210381119
 -285609674
 -143184370
  683728733
  479050929
  312350836
 -419329378
 -198782226
  -47933867
 -285274170
  416027286
  598926537
  721744136
  740301615
 -661708944
 -570491178
 -346852706
 -234308584
 1049472753
 -145780398
 -662461912
  595137194
  817850686
 -328068194
 -134241968
   -7309557
   44927983
  490996372
 -248478390
  449163087
  556969795
 -190996395
 -332558498
 -390645975
   60683899
  120461190
  -84886354
 -732687484
   57624959
  688743946
 -241554390
   41284432
 -268446231
 -101905180
 -242999327
 -100988568
  727428544
  331793789
 -379416141
 -420965503
 -712807305
-1118619221
   14388919
  221780646
  410538643
  128390775
    7694416
  113606101
  240274886
  535557280
 -333958055
 -596778742
 -636107715
  253379409
 -157680978
 -790869794
   52849000
  591507883
  729010252
   13525179
  112740320
 -439373516
 -306502025
 1265022042
  355966185
 -501238933
 -184696708
   28227215
  361241115
  370954332
 -360910735
-1087581987
 -460493095
  469267103
   83142669
   31070078
 1658759106
  176065230
-1409659759
 -886161804
 -278916973
  297568331
  122037721
  316664011
 -464030064
  328944913
 1244956899
  536697572
 -580441287
 -217411625
  955264490
 -440904222
 -654304010
  640994814
 -317663829
 -911287710
 -259314100
 -625893380
  168378208
  440500917
 -293208844
  320705389
  487777375
 -770279381
 -970198744
    2195548
 -115147014
  568795476
  759393000
 -744689922
   85225190
 -248324608
 -980093791
  -13720188
   67616471
  -14746635
 -990641677
 -447821823
  278332764
  387564047
 -483352734
-1147279968
   51017922
  474276731
  415400952
  778175108
  304266932
 -863611489
  -12971741
  409161801
  -14101447
 -629392145
 -303103139
  643173634
 1120850600
  361539186
  133790579
  382435747
  250473238
 1081939442
 -252378693
  -28230709
  229070216
  802595456
  901660337
  346119311
  -52063933
-1202884574
 -294641864
   98082391
  161605365
 -527219710
  303390287
 1415121872
 1032183813
   45441554
  436372786
  489454886
 -619948994
 -572454024
 -628035520
  -84418073
   49264484
  -16092184
  268259109
  596970914
  -78393649
 -233247706
 -448996713
 -572749324
  160136079
  -20554676
 -177509126
  169738896
  436971738
  389001014
 -386027234
  344056799
 1582486674
  203494159
 -180912353
  589976705
  550213599
 -696079527
 -112547165
  323608138
 -668338929
 -706593132
  473688406
  890680768
-1374717060
 -839715382
  577529466
  921807919
  344064101
 -770787410
-1085474638
 -123571356
 1082334726
  303201417
  -97348396
  285596108
  945866715
  767470739
    3520312
   64041362
  189087185
   73641986
 -580464826
 -758062646
 -231162307
 -447809390
 -380798065
  410812444
  406840011
  317570386
  400688735
 -407725363
 -275975394
 -343659291
 -358285823
  260982558
  725538007
  325597225
  501222455
  413757697
-1131796248
 -349959214
 -357569895
 -365873679
  423723116
  851581449
   41895991
 -567345482
  776371200
 1134493844
  -45909308
  410594264
  676573621
-1251700159
 -734390675
 -393228949
  -45384419
  129129446
  466774003
  310421860
 -665662845
  412068146
  433554363
  794610444
 -101501241
-1065804570
  286243575
  390434608
 -375551141
 -130542796
   40733130
 -171686546
 -148323514
 -754486415
 -716362874
 -224780933
  864005948
  901478530
 -659275824
 -196796212
  431014170
  -92046104
  384286923
 -568959723
-1227292053
 -527555403
   60821749
  149199778
 -898293757
  232042037
  351194586
   15607573
  601825578
  154154518
 -660864164
 -845548125
  113018659
  620066626
 -102478966
-1046626187
 -593208441
 -158014439
 1279932925
 1283767081
   50017540
 -647957681
-1358837043
  148247845
  891203641
  505608778
 -147959364
  167087075
 -396842665
-1512791565
      82363
  956078751
  186698841
 -609604804
 -342545797
 -631520514
 -983971140
 -185159406
 1044723375
  197579905
 -483101456
 -221551740
 -662177326
  140577077
  646904693
 -368145092
 -214111439
  902771956
 -104781090
 -314804431
 -593545150
 -499958068
  426751480
  253278669
   28598043
  -14674930
 1162607083
  339517943
 -333746589
  548344257
  110595243
 -288432581
 -636591179
  277359631
  112327554
 -874762898
  229381132
  673568047
 -226755092
 -852359835
  162817257
  960523118
 -127505829
 -648209168
 -164093408
 -609845729
  136802382
  456670327
 -194086731
  143344735
 -101975813
  308770356
 -315047724
 -666738991
  520156236
  465745316
  487655425
  429366037
 -561516716
 -261560732
 -701593575
 -432576751
  498882660
-1345899421
 -644456743
  -41955575
 -201700381
  -20983167
 -327325572
 1193611835
  579368328
  494104253
  460585230
-1197222579
 -166564990
  561171046
 -155453802
 -114549372
 -212225410
 -361305892
  551940950
   83444091
 -170078980
  344117531
 -388000601
 -247276014
  193072359
 1065976185
 1286221377
  330530275
 -740227624
   19070991
   41247882
-1183087343
 -341005175
   55738412
   -5508614
 -665267340
 -381549231
  499240173
  916179344
  833528967
  -92875251
  -33402384
  607738826
  529259762
 -146505602
  215486267
  150907051
 -736538159
 -177699285
  458805311
 -349769718
  458909964
 1370567020
  156309842
 -862137970
 -817016484
  301439900
  627907347
  681123023
 -313869354
 -157734001
  560131427
   43099315
  109227231
 -594086162
  -18464874
  480212911
 -234738406
 -422064239
  660765369
 -300959475
 -743534704
   -6104304
   85458258
  743321214
 -597603400
-1023093353
 -844613777
 -310121972
  248680118
  158914568
  311378241
 -402538526
 -816730265
 -101103996
 -150401331
   92951404
 -492330379
 -329040423
  880490227
 -172627832
 -767268457
 -964754381
  167228037
  -60072692
    1105425
  742903289
  575247653
  642825462
 -355119507
  286664095
   72558924
 -190567371
   75023269
  -37769489
 -112497856
 -499365363
  373158984
  163548278
   90044899
  812682511
  641125835
 -201012412
 -327070000
  239319598
   53181944
 -599519923
 -291565827
  448299285
   77842251
  513310210
  930775362
  295917991
 -984543467
 -224184100
 1034915602
  189775369
 -596880769
 -377768674
 -513471648
 -933704606
   99240271
    7677301
  194259297
  -35191283
 -477534730
 -333827871
 -258267909
  703679501
 1189384576
  686485072
 -571543792
 -639129654
 -559401680
  385603371
  855588093
 -131983480
 -447643027
 -970211784
 -337208892
  -28080857
 -161175406
  468640810
 -665705751
 -370900612
  970188729
  -59152000
 -715575906
 -698911606
 -144642767
  308404601
    9882940
  204760851
 -118098561
 -823924682
 -518914959
 -153162886
    2691579
  278460881
 -749143247
 -573352187
  746666003
  719148148
  516901724
 -127569584
   44868327
  -90015659
 -668130365
 -692353899
  207089715
 1081909117
  314024948
  298104322
  181720132
 -161423053
 -377342207
  127287909
  689955942
 -598294353
 -822998366
 -309745070
 -123604664
  294229515
  362986939
  437048660
  155360202
 -470507800
 -857901607
  -71409432
  428229115
 -516911378
 -632342833
  105747533
  185993933
 -103449091
  -69377201
  617281982
  161574766
  344593669
    8187994
 -127423063
  452187860
-1029782464
 -156941042
 -388404669
 -380955881
   81813635
  506365824
 1227800846
  537105357
  111031738
  586446607
 1364951564
 -239968124
  140685267
  532767463
  434248600
  -57044980
 -649437296
  -71022153
 -126397447
 -248877373
 -487846409
  -73258371
  405667288
   23803659
 -420876659
 -283248663
  -70796753
 1510920109
  725801827
  380961179
    2662967
-1058700501
 -124641750
 -792978672
   -3195212
  525639983
   80803929
 -267671997
  118982774
  218729224
 -691374304
  -78169774
  537361037
 -120439188
 -319511563
  447756896
  144896459
 -436307680
 -326379026
  540845672
 -387912742
-1079526689
 -229910496
  408631460
  680957644
 -349537680
  138897705
  525856171
 -310521364
  134219257
  216662441
 -732272182
   22228307
  855290966
  612749995
 -112943267
 -473780671
  290813144
 -152021822
 -926072922
 -565486277
   73795767
  456637340
  341045103
  725612910
  437101747
-1330475786
 -634876842
   87177533
 -685336691
 -656278341
  271194763
  117511771
 -439944530
 -240828733
 -665057040
  179357087
  583779321
  694737872
  750114391
  505545597
 -122964567
 -340795837
 -242044422
 -258732817
  240973913
 -256430671
  168716523
 -238628400
  149004661
  455449246
   82284685
  222459575
-1170029100
 -295055809
  692893958
  132356983
 -279104557
 -117475054
   80297615
   43634681
   68005574
 -316271055
 -439750400
  163307610
  518106743
 -156923626
 -207229159
 1041893060
 1002153658
  102277673
  505070810
  -74091211
 -187322222
  165393203
 -218768556
 -470135790
  307859650
  294598729
 -581486079
 -191503799
 -330708741
  236603807
  168987684
 -295810737
 -608836521
   26589934
  673262155
  -31054087
  551619899
  104336939
  -83676676
   66193227
 -101003453
  521070482
 -141598002
 -809564394
  136833776
  736859779
  216638288
  331848784
  474469596
  180474016
  408784402
  426088571
 -384094001
 -865626278
 -338362456
  898023636
  651219354
 -127736659
 -226780862
 -364660048
  354764496
 -193584240
 -751437380
 -739513045
 -123090558
  266223295
  289598334
  123728951
-1681289169
 -107988182
  697762175
-1048534698
 -987204132
 -520409843
   15873411
  510218108
  219276425
 -213388270
  906744331
 -131549044
-1282647654
 -816851882
 -132839316
  169212785
 -715843676
  666475568
  784856897
  197630348
 -205902035
 -292946657
  727179179
  880977108
  450957164
-1203962908
 -960070550
  231217958
  577490485
  593573355
  383480091
 -195103198
  317288054
  845199428
 -619363443
-1142493166
 -864128841
 -544970786
  319562517
  718149141
  664555422
  -27760904
 -927589623
 -323393335
 -365180252
  124274565
  818175682
  432425215
    -748286
 -147775387
  461436928
  190028085
 -258535722
 -416308750
 -433085514
 -212564131
  659991993
 1086113934
  593627581
  208716303
 -493643930
 -678639809
 -240164882
  392069229
 -276345641
 -353020322
   94741830
 -282369076
 -178309683
 -181877319
 1417646709
  644376614
 -410436732
 -473591199
 -727927911
  319661836
 -469855111
  470509056
  774027651
  433700584
   16558972
-1010545001
  152312604
  518166444
  480402469
  -74981553
  -58739493
  -64500807
 -487081414
  433409218
  396200168
 -164132319
 -522100019
 -380610245
   25567326
 -791354502
 -600913420
  286613910
 -204377925
   87632416
  413867239
 -613806249
 -725780835
 -305718925
 -291249136
   60068279
   23702211
  728873824
  740768733
 -607473082
 -929096382
   34642760
  650404472
 -160766010
  -16660367
  428193943
 -574098138
-1205116298
 -974279719
 -718280766
  631628482
  384502272
 -355774105
  559464701
  506649596
  277930133
 -543417896
-1160894847
 -537189036
 -222104457
  548033732
  851175333
  535489331
  191232740
 -957270165
 -769985280
  578490934
 1069550026
  202130656
  400740083
 -627201200
 -868155906
  602186611
   58517303
  130317043
 -552821813
  195297687
  127215991
-1024843939
 -641528932
 -264269379
 1133006452
 1163076229
   75360299
   36322072
 -196816721
 -485088977
  341890484
  712033020
  830904400
 1254490824
  589339203
 -649478981
 -654037463
-1053210027
 -142937517
  913514317
  344124232
 -150129997
 -517418179
  407817198
  579429834
  332319749
 -636526581
-1273362170
 -667902584
  -97084338
  657195737
  228060835
  -97102959
  -36889573
 -316287979
  173567152
  -75306768
 -469816719
 -602436482
  629921062
 1060938165
   48427179
 -341459451
-1005865466
  445980497
  529939379
  357611312
   51535898
 -187107045
 -901758510
-1501257323
 1195826575
 1802226244
  578889506
 -281564089
 -280409369
 -198225708
  341547058
 -150040727
 -768142952
   15445005
  294087348
  -99034488
 -169302942
 -445968974
 -420276204
  829878763
  465032477
  169639959
  104338417
   73451054
  179662373
  225211298
  806371356
  591803849
  191225950
 -119676124
    6767754
  356108200
  -55027976
 -449641905
  741743781
 1530609334
  -12061207
 -862863842
 -248750069
  218230663
 -719619361
-1203991511
   34620125
  712204179
 1283313017
  399404045
-1000669071
-1067723520
 -482350999
  575531550
 1157758604
 1210576717
 -326805837
-1335007880
-1587523375
   32353869
 1287650956
  -47594334
  983403656
  896783849
  222425219
 -743476444
 -843037395
  799172239
 -367257129
 -864887199
  200949757
 1216112498
  269687186
 -397237913
  419074526
   59016232
  180793932
   60188537
   11403723
  -49618251
  189484532
   -7366183
 -402118515
 -154172934
 -111105106
  606199896
  239797971
  408381664
 -139355883
   21143271
  145990817
 -153242755
  652749868
  387732515
   90936422
-1252500680
  322465205
  514403497
  -96401265
 1412815732
  801106412
  -76143646
 -972488505
-1461946606
 -735337011
  832429691
 1069681687
  349178912
 -327497886
 -697047137
 -621070690
 -300232572
   -9906381
  203343837
  -35672750
  342340550
 1066632732
  -69435077
-1060715031
 -468552282
  401005621
  745448598
  180147037
 -114865546
  -61722130
 -935395058
 -881969920
 -598608440
 -206821782
  160491531
  355181776
  400786533
   45221653
  191923799
  313130887
  -94355273
  -16307963
  189287762
 -336422012
  -33541972
   50551512
  773656503
  232467278
 -317593712
   99203528
-1084211209
 -674890541
  353420387
  225424069
-1119965826
 -887091129
  -21459259
  230723976
 1039074358
  552468651
  771796074
  408150768
 -387765510
 -442919016
 -636679478
 -169234119
   67345563
  464506902
  479668011
  110765150
  119258384
 -247760851
 -286781813
  112828670
  196391938
 -523858424
 -365771908
  239828423
 -825019446
 -394164900
  230441817
  166987389
  182573718
 -132041784
  747455632
  738384767
 -422012206
   -5591764
  784661283
  866630712
  595666166
 -557844051
 -848548954
 -573409806
  107896563
   36418753
 -440342010
 -566782200
 -608552945
   64540759
  129807431
  130781203
 -121599025
   94653632
  218838339
 -450119824
 -501921643
 -437590228
 -551368053
 -409106711
  -53790405
  428937854
  552209040
  561813250
  528917067
  240582940
 -620484861
-1075988773
  652534384
  413791715
 -315272797
  -84686527
  -58778874
  692562042
 -367993137
  169867099
  385135262
  430078360
  881940358
 -696959499
 -139574964
 -379909846
  369857853
 1448602172
 -215423186
 -536388282
 -415710652
 -196967990
  -26543147
  -17832439
  -21204894
 -313417867
 -289552645
  366116891
  827822182
  450309116
  274434004
   68898432
 -538936316
 -257476647
  274595218
 -254164369
 -121250357
  454875246
  462225931
  197100286
 -102710873
 -452279380
  115812188
  203559810
 -233910075
  384927261
 -233314516
 -977079757
-1090341328
 -837899000
 -339502856
  559465452
  505934934
 -927346375
   49761669
 1365441426
 1105681848
  603087869
 -474397237
   45452740
  505921641
 -343611767
    4434064
 -313082993
 -222239060
  378584750
  637227682
  527175697
  336540822
  -81941357
 -767875339
 -503953290
 -875487247
