1.4399999999999998e-06
2.28e-05
9.610000000000011e-06
-6.959999999999974e-06
0.0071341799999999995
-0.00713602
0.06149865000000001
0.14685086000000003
0.7238063300000002
0.96667218
0.7340954200000003
-0.6585110799999998
-1.8030476
-0.06572904000000002
0.65943162
0.04806746000000001
0.007476349999999991
-0.01135262
0.011657669999999998
-0.011256439999999998
0.01005217
-0.00890708
0.007575920000000003
-0.00600996
0.0047151400000000005
-0.0034698200000000006
0.0017859799999999995
-0.0007168600000000018
-0.0002038099999999997
0.0013200599999999983
-0.002019569999999999
0.002563299999999997
-0.002831609999999999
0.0029293199999999996
-0.002443469999999998
0.0033584199999999982
-0.006671189999999999
0.017174239999999997
-0.09186874000000002
0.07212649999999998
-0.39042552
-0.00970190000000002
-1.1028282500000013
-0.9594583400000001
-0.4293773799999998
-1.1212102000000004
0.6813734600000002
0.8409001599999999
0.04754663000000001
-0.012671260000000002
0.00527422
0.00017940000000000114
-2.587999999999937e-05
0.01170084
-0.01037363
-0.0011783200000000003
-0.023662370000000005
0.010643800000000004
-0.003996600000000001
0.00866856
-0.020669319999999998
0.016567420000000003
-0.007938160000000001
-0.0013642999999999978
