         0
         0
         0
         0
         0
         0
         0
         0
         0
         0
         0
         0
         0
         0
         0
         0
         0
         0
         0
         0
         0
         0
         0
         0
         0
         0
         0
         0
         0
         0
         0
         0
         0
         0
         0
         0
         0
         0
         0
         0
         0
         0
         0
         0
         0
         0
         0
         0
         0
         0
         0
         0
         0
         0
         0
         0
         0
         0
         0
         0
         0
         0
         0
         0
         0
         0
         0
         0
         0
         0
         0
         0
         0
         0
         0
         0
         0
         0
         0
         0
         0
         0
         0
         0
         0
         0
         0
         0
         0
         0
         0
         0
         0
         0
         0
         0
         0
         0
         0
         0
         0
         0
         0
         0
         0
         0
         0
         0
         0
         0
         0
         0
         0
         0
         0
         0
         0
         0
         0
         0
         0
         0
         0
         0
         0
         0
         0
         0
         0
         0
         0
         0
         0
         0
         0
         0
         0
         0
         0
         0
         0
         0
         0
         0
         0
         0
         0
         0
         0
         0
         0
         0
         0
         0
         0
         0
         0
         0
         0
         0
         0
         0
         0
         0
         0
         0
         0
         0
         0
         0
         0
         0
         0
         0
         0
         0
         0
         0
         0
         0
         0
         0
         0
         0
         0
         0
         0
         0
         0
         0
         0
         0
         0
         0
         0
         0
         0
         0
         0
         0
         0
         0
         0
         0
         0
         0
         0
         0
         0
         0
         0
         0
         0
         0
         0
         0
         0
         0
         0
         0
         0
         0
         0
         0
         0
         0
         0
         0
         0
         0
         0
         0
         0
         0
         0
         0
         0
         0
         0
         0
         0
         0
         0
         0
         0
         0
         0
         0
         0
         0
         0
         0
         0
         0
         0
         0
         0
         0
         0
         0
         0
         0
         0
         0
         0
         0
         0
         0
         0
         0
         0
         0
         0
         0
         0
         0
         0
         0
         0
         0
         0
         0
         0
         0
         0
         0
         0
         0
         0
         0
         0
         0
         0
         0
         0
         0
         0
         0
         0
         0
         0
         0
         0
         0
         0
         0
         0
         0
         0
         0
         0
         0
         0
         0
         0
         0
         0
         0
         0
         0
         0
         0
         0
         0
         0
         0
         0
         0
         0
         0
         0
         0
         0
         0
         0
         0
         0
         0
         0
         0
         0
         0
         0
         0
         0
         0
         0
         0
         0
         0
         0
         0
         0
         0
         0
         0
         0
         0
         0
         0
         0
         0
         0
         0
         0
         0
         0
         0
         0
         0
         0
         0
         0
         0
         0
         0
         0
         0
         0
         0
         0
         0
         0
         0
         0
         0
         0
         0
         0
         0
         0
         0
         0
         0
         0
         0
         0
         0
         0
    0.0000
   -0.0000
   -0.0000
    0.0000
   -0.0000
   -0.0000
   -0.0000
    0.0000
    0.0000
    0.0000
   -0.0000
   -0.0000
    0.0000
    0.0000
   -0.0000
    0.0000
   -0.0000
    0.0000
   -0.0000
    0.0000
   -0.0000
    0.0000
   -0.0000
    0.0000
   -0.0000
    0.0000
    0.0000
   -0.0000
    0.0001
   -0.0001
    0.0001
   -0.0003
   -0.0001
   -0.0011
   -0.0004
   -0.0003
    0.0000
   -0.0004
    0.0001
   -0.0004
    0.0002
    0.0007
   -0.0006
    0.0009
   -0.0007
    0.0020
   -0.0018
    0.0011
   -0.0004
    0.0015
   -0.0025
   -0.0011
   -0.0006
   -0.0003
   -0.0014
    0.0014
    0.0017
   -0.0015
    0.0052
   -0.0482
   -0.1078
   -0.2653
   -0.1811
   -0.0002
   -0.0602
   -0.0611
   -0.0086
   -0.0692
    0.0790
    0.1573
   -0.0666
    0.0774
    0.0875
    0.2100
   -0.1238
   -0.1036
    0.3276
   -0.0196
   -0.3797
   -0.5708
    0.0452
   -0.2258
   -0.3289
    0.4721
    0.4647
    0.1812
    0.0436
   -0.1098
   -0.0108
   -0.1203
   -0.1623
    0.2173
   -0.0333
    0.0384
   -0.5077
   -0.2903
    0.2099
    0.0388
    0.4336
   -0.0271
   -0.0391
    0.3617
    0.3169
   -0.1217
   -0.0155
    0.2114
    0.0165
   -0.2585
   -0.4925
   -0.2032
    0.0870
    0.4177
    0.2803
    0.0578
   -0.2151
   -0.1864
   -0.1270
   -0.0397
    0.2257
   -0.0713
    0.0541
   -0.0453
   -0.0961
   -0.2707
   -0.4074
    0.1459
    0.1479
    0.0382
    0.0699
   -0.0847
   -0.5542
   -0.3779
    0.3049
    0.2619
   -0.1520
    0.0514
    0.4700
    0.1088
   -0.4669
   -0.4759
   -0.0765
   -0.1112
    0.1378
    0.1567
    0.0631
    0.2639
    0.2314
   -0.0653
   -0.1294
    0.1836
   -0.2491
   -0.1205
    0.2259
    0.5519
    0.2574
   -0.5881
   -0.4443
   -0.0763
    0.2130
    0.3127
    0.0715
   -0.3060
    0.2366
    0.0136
   -0.6262
   -0.0287
    0.1664
    0.0865
    0.2991
    0.5355
    0.1397
   -0.2549
    0.2665
    0.2336
   -0.0290
    0.1723
   -0.3141
   -0.3047
   -0.2149
    0.1423
    0.5575
   -0.1085
   -0.1987
   -0.2841
   -0.2039
    0.2404
   -0.0975
   -0.1750
   -0.0054
   -0.2463
   -0.2925
   -0.1421
    0.1989
    0.0210
    0.2133
    0.1645
   -0.3376
   -0.1611
   -0.0118
    0.3575
   -0.0724
    0.1238
   -0.1511
   -0.4585
    0.4131
   -0.1343
   -0.0564
   -0.0307
   -0.1318
   -0.0481
   -0.4103
   -0.1496
    0.2594
    0.2823
   -0.0724
   -0.1488
   -0.1526
    0.4103
    0.5219
   -0.0098
   -0.1165
   -0.1713
   -0.4018
   -0.1929
    0.2447
   -0.1087
   -0.2528
   -0.0740
   -0.0011
   -0.0021
   -0.2286
   -0.2028
    0.2960
    0.3472
    0.1194
   -0.1486
   -0.0937
    0.2226
   -0.0304
   -0.1704
    0.1135
    0.3400
    0.0314
    0.1192
    0.2745
    0.2545
   -0.2543
   -0.8150
   -0.0579
    0.3851
    0.1802
   -0.4780
   -0.2719
    0.4197
    0.1690
    0.2275
    0.1785
   -0.3267
   -0.6221
   -0.0903
    0.0298
   -0.1499
    0.0608
   -0.1180
    0.0388
    0.4177
    0.4242
   -0.1310
   -0.2479
   -0.3654
   -0.4209
    0.1854
    0.1363
    0.1407
    0.0859
   -0.2282
   -0.1270
   -0.1571
   -0.3959
    0.0313
    0.5027
    0.2340
    0.2511
    0.1353
    0.0063
    0.0291
    0.0150
    0.3707
    0.0751
   -0.0765
    0.0663
   -0.1836
   -0.0631
    0.4920
    0.3514
    0.0215
    0.2485
   -0.0525
   -0.0017
   -0.1043
   -0.0451
    0.4303
    0.0271
   -0.2564
   -0.5735
   -0.3663
    0.2552
    0.4644
    0.0862
   -0.2966
   -0.0111
   -0.0378
    0.2388
    0.0443
   -0.1315
   -0.0691
   -0.5118
   -0.1162
    0.0689
    0.1534
    0.4193
    0.3222
    0.1075
    0.0182
    0.0259
    0.0309
    0.2481
    0.2749
    0.1122
   -0.0679
    0.0910
    0.1435
   -0.0576
   -0.0872
    0.1352
    0.2808
   -0.0724
    0.0647
   -0.1434
   -0.1997
   -0.1019
    0.1357
    0.5759
    0.2219
    0.2055
   -0.1585
   -0.1918
   -0.2234
   -0.2360
   -0.3109
    0.1653
    0.6925
   -0.1138
   -0.1032
    0.1462
    0.0457
    0.0778
    0.2414
   -0.1895
   -0.1157
   -0.0806
   -0.0302
   -0.1667
   -0.6530
   -0.1175
    0.0590
    0.3991
    0.5185
   -0.0571
   -0.3319
   -0.0219
    0.1872
    0.1602
   -0.0083
    0.3047
    0.2533
   -0.1959
   -0.0113
   -0.2433
   -0.4565
   -0.2354
    0.1257
    0.2500
    0.1312
   -0.1651
    0.0242
   -0.1106
   -0.2057
    0.0712
   -0.2671
   -0.4361
   -0.4084
    0.1130
    0.5114
    0.4227
    0.0730
   -0.1397
    0.0248
    0.4049
    0.1840
   -0.2881
    0.1520
    0.1213
   -0.1463
    0.1007
    0.1259
   -0.2025
   -0.2058
    0.0839
   -0.0770
   -0.1701
    0.1300
    0.0893
   -0.0402
    0.0653
    0.0348
   -0.1538
   -0.0951
    0.0955
    0.2405
    0.0998
    0.2226
    0.0642
   -0.3699
    0.1044
   -0.0125
   -0.2026
   -0.3452
   -0.1842
   -0.0835
   -0.0106
    0.5063
   -0.0179
    0.0960
    0.2845
   -0.0936
   -0.0959
    0.0575
   -0.0379
   -0.4300
   -0.0570
    0.5105
    0.3809
   -0.0442
   -0.0767
    0.0749
    0.0856
    0.1959
    0.0699
   -0.0381
    0.0563
   -0.0911
    0.0402
    0.0447
   -0.3877
   -0.0161
    0.1581
    0.1658
   -0.0146
   -0.1330
   -0.1013
   -0.6015
    0.1940
    0.3622
   -0.0948
   -0.1724
    0.2696
    0.5091
   -0.1720
   -0.0411
   -0.0576
   -0.0939
   -0.1355
    0.1631
    0.6206
   -0.0664
   -0.4733
    0.0709
    0.0182
   -0.3859
   -0.0846
    0.2801
    0.5382
    0.3863
   -0.0740
    0.0629
    0.0350
   -0.1233
   -0.1480
   -0.2315
   -0.0106
    0.2369
    0.3265
   -0.0757
   -0.2129
   -0.0595
   -0.0187
   -0.0591
   -0.1534
   -0.0711
    0.0161
    0.0098
    0.2972
    0.3526
   -0.2208
    0.0505
    0.0519
   -0.2973
    0.1491
    0.1123
   -0.2817
    0.0981
    0.1837
   -0.2255
   -0.1288
   -0.0184
   -0.0776
    0.0481
   -0.0265
   -0.1410
    0.1722
   -0.1400
    0.0239
    0.0746
    0.0395
    0.1069
    0.0826
    0.5361
    0.0922
    0.1066
   -0.2975
   -0.2544
    0.0734
    0.1388
    0.3233
   -0.2201
   -0.2618
   -0.1563
    0.3877
    0.5040
   -0.1460
   -0.4666
    0.0022
   -0.2316
   -0.3145
    0.0558
   -0.1463
    0.2170
    0.1366
   -0.0240
   -0.2092
   -0.5655
   -0.0888
    0.6151
    0.2799
   -0.2618
   -0.0404
    0.1325
    0.0696
    0.4026
    0.1115
   -0.2361
   -0.0127
   -0.3584
   -0.1553
    0.2301
    0.2260
    0.1732
    0.3007
    0.0648
    0.3996
    0.6697
   -0.2275
   -0.1888
   -0.0446
   -0.1882
   -0.5031
    0.1748
   -0.0306
   -0.7158
    0.4183
   -0.0641
   -0.1863
    0.1216
    0.3065
    0.6206
   -0.2757
   -0.4405
   -0.1008
   -0.1464
   -0.6889
   -0.3658
    0.5941
    0.6012
    0.3332
    0.0021
    0.0080
    0.0880
   -0.3346
   -0.2143
    0.0451
   -0.0070
    0.0841
    0.2399
    0.4122
    0.7771
    0.3624
   -0.5624
   -0.4355
   -0.0728
    0.1415
    0.0488
    0.0956
    0.0672
    0.2719
    0.4805
   -0.1431
   -0.2461
   -0.0071
    0.4243
    0.1077
    0.0784
    0.4441
    0.1945
   -0.0514
   -0.3225
   -0.1551
   -0.0534
    0.2534
    0.2548
    0.2998
   -0.0262
   -0.4347
    0.0730
    0.2562
   -0.0243
    0.1271
    0.1697
   -0.1045
    0.3043
   -0.0306
    0.1192
    0.3034
   -0.1886
   -0.0647
   -0.1390
    0.1898
    0.2931
   -0.2760
   -0.1800
    0.2737
    0.1445
   -0.2067
   -0.2078
    0.4310
    0.3182
   -0.1833
    0.1925
   -0.1130
   -0.1575
    0.0701
   -0.0588
    0.3203
   -0.1560
   -0.4111
    0.0573
    0.0066
    0.1172
    0.1758
    0.4343
    0.1471
   -0.5740
    0.0325
    0.4740
   -0.3747
   -0.3674
    0.1981
   -0.4065
    0.0894
    0.2470
   -0.0637
    0.2137
   -0.0621
    0.1094
    0.0037
    0.2540
   -0.0527
   -0.3195
    0.2696
    0.2069
   -0.1754
   -0.1994
   -0.0422
    0.1609
    0.4091
   -0.1688
   -0.2182
   -0.1939
   -0.2789
    0.0398
   -0.0788
   -0.1880
   -0.0822
    0.3024
    0.3911
    0.1645
   -0.2706
   -0.5146
    0.0543
    0.4419
    0.0859
   -0.0824
   -0.2486
   -0.3830
   -0.0870
    0.0659
    0.3288
   -0.1230
   -0.5978
   -0.0210
    0.3392
   -0.0791
   -0.0972
    0.0775
   -0.1388
   -0.1145
    0.1615
    0.3553
   -0.0408
    0.1545
    0.2086
    0.1755
    0.1746
    0.3106
    0.2612
   -0.0320
    0.3629
   -0.2992
   -0.0465
    0.4149
    0.1745
    0.2578
    0.2237
    0.4547
    0.1738
   -0.0277
    0.1851
   -0.1534
   -0.3908
    0.2727
    0.5327
    0.0307
   -0.4427
   -0.2429
    0.1398
   -0.0038
    0.0447
   -0.0331
   -0.0001
    0.2902
    0.2781
   -0.0698
   -0.3767
   -0.2604
   -0.3285
    0.0103
    0.3000
    0.1405
    0.3839
    0.1172
   -0.1990
   -0.0377
   -0.2061
   -0.0711
   -0.2744
   -0.5231
    0.2395
    0.1596
    0.0558
    0.4463
    0.2635
   -0.0111
   -0.1498
    0.1185
    0.1009
    0.0828
    0.2177
    0.0618
   -0.1098
    0.0129
    0.4211
    0.1520
   -0.1734
   -0.2644
   -0.1707
    0.1116
    0.1382
    0.3600
    0.2307
   -0.0266
   -0.2786
   -0.4752
    0.2954
    0.5997
    0.3200
    0.0080
   -0.2905
    0.0866
   -0.0327
   -0.2764
    0.0163
    0.2653
    0.1879
    0.0219
    0.2468
    0.2964
    0.1316
   -0.2452
   -0.2209
   -0.1289
   -0.2804
    0.0564
   -0.3529
   -0.3185
    0.3720
    0.0391
   -0.0322
    0.2078
   -0.1685
   -0.0434
    0.2106
    0.0644
    0.1203
   -0.0488
   -0.2237
   -0.1603
    0.1170
    0.2439
    0.1547
    0.1053
    0.0424
   -0.5194
   -0.4650
    0.2543
    0.2982
    0.4184
    0.2773
   -0.2942
   -0.2625
    0.1241
   -0.2010
   -0.2701
    0.3164
    0.3783
    0.0978
    0.1545
   -0.0191
    0.0038
    0.4147
   -0.1281
   -0.2603
   -0.1336
   -0.3035
    0.1454
    0.3070
    0.1093
    0.1775
    0.1452
   -0.0906
   -0.0124
   -0.0579
   -0.2500
    0.0771
    0.2162
   -0.3299
   -0.3311
   -0.3224
   -0.5568
   -0.0336
    0.2390
    0.3611
    0.1840
   -0.2568
   -0.4303
   -0.0858
    0.5208
    0.5418
    0.1927
    0.0580
    0.1578
   -0.2885
    0.0769
   -0.0140
   -0.3631
   -0.0267
    0.2111
    0.2904
   -0.3357
   -0.2495
   -0.3078
    0.1005
    0.0915
   -0.1273
    0.1198
   -0.0964
    0.2363
   -0.1072
    0.0276
    0.5456
    0.0331
   -0.2726
    0.1469
    0.4090
    0.0635
    0.0414
    0.0898
   -0.3375
   -0.0539
    0.0051
    0.0397
    0.0007
   -0.6794
   -0.0862
    0.4194
    0.2455
    0.1935
   -0.0236
   -0.1569
    0.1729
    0.1947
   -0.0355
    0.2648
    0.3344
   -0.2553
   -0.3108
   -0.0560
   -0.4659
   -0.0351
    0.0493
   -0.1821
    0.0518
    0.0201
    0.2627
    0.1092
   -0.0613
    0.2531
    0.2992
    0.1066
    0.1391
   -0.0606
   -0.2027
   -0.2442
    0.3977
    0.7097
    0.1204
   -0.0124
   -0.5658
   -0.3425
    0.3037
    0.2240
    0.1651
   -0.1391
   -0.2290
    0.2693
    0.2571
   -0.0041
   -0.0096
   -0.0747
    0.0438
    0.0879
    0.0128
    0.1852
    0.0618
   -0.2893
    0.0434
   -0.1815
    0.0552
    0.3722
    0.2403
    0.4126
   -0.3750
   -0.5142
   -0.1572
    0.0627
    0.2324
   -0.2325
   -0.2979
    0.2009
   -0.0141
    0.2734
    0.1879
   -0.2623
   -0.0527
   -0.3768
    0.2026
    0.0950
   -0.2480
    0.1578
    0.2707
    0.0183
   -0.0101
    0.1314
   -0.0914
   -0.0588
   -0.1691
    0.2772
    0.1365
   -0.0970
   -0.0241
   -0.0524
    0.1253
   -0.3216
   -0.1780
    0.0050
    0.3840
    0.6324
    0.0119
   -0.0580
   -0.4024
   -0.3075
   -0.1697
   -0.1923
    0.2375
   -0.0186
    0.2027
    0.1369
   -0.2146
   -0.2139
    0.0820
    0.2313
   -0.0120
   -0.1154
   -0.1136
    0.1513
    0.1893
    0.0778
   -0.4606
   -0.2468
    0.1654
   -0.0557
    0.0510
   -0.0042
   -0.1580
    0.1041
    0.1197
    0.1178
    0.2913
   -0.1333
    0.2038
    0.2167
   -0.0996
    0.1833
    0.1260
   -0.0368
   -0.0594
    0.0674
    0.2187
    0.3757
   -0.0693
   -0.1772
    0.0142
    0.0758
   -0.1677
   -0.2544
    0.3928
    0.1601
   -0.0713
   -0.0223
    0.0704
    0.3382
    0.3370
    0.1274
   -0.4313
   -0.3448
   -0.0906
    0.5452
    0.5969
   -0.4625
   -0.1066
    0.1690
   -0.0916
    0.1316
   -0.0838
   -0.3465
    0.0180
    0.1572
   -0.3351
   -0.3301
    0.0869
   -0.0036
    0.1538
    0.0317
   -0.1500
   -0.0631
   -0.0900
    0.4129
    0.1782
    0.0110
    0.1091
   -0.1944
   -0.2112
    0.1083
   -0.0177
    0.0483
    0.3754
    0.1077
    0.2053
    0.0478
   -0.0864
    0.0325
    0.3741
   -0.1598
   -0.5573
   -0.0205
   -0.1911
    0.4270
    0.6641
    0.3542
   -0.0433
   -0.5052
   -0.0997
   -0.0452
   -0.1282
    0.0632
    0.3230
    0.3521
    0.1444
   -0.2263
   -0.4642
    0.0895
    0.0645
    0.0198
   -0.0173
   -0.4793
   -0.0943
   -0.1900
   -0.2195
    0.1849
   -0.0098
   -0.1336
   -0.0854
   -0.2467
   -0.0635
    0.2269
    0.0479
   -0.1003
    0.1091
    0.3352
    0.2485
   -0.3175
   -0.3584
    0.3335
    0.3561
    0.2866
   -0.0449
   -0.0293
    0.1766
    0.2993
   -0.0190
   -0.5765
   -0.0698
    0.0249
   -0.0317
   -0.2362
   -0.0304
    0.1127
   -0.1174
   -0.0410
    0.0429
    0.2204
    0.1812
    0.3177
    0.1974
    0.2804
   -0.1390
   -0.5702
   -0.1346
   -0.0385
    0.0087
    0.1143
    0.1936
    0.0114
   -0.2852
   -0.2069
   -0.1590
   -0.1474
    0.4427
    0.1762
   -0.3301
   -0.2600
   -0.0382
    0.6246
    0.1619
   -0.0726
    0.1144
   -0.3084
   -0.3359
   -0.0365
    0.1314
    0.0475
   -0.0324
    0.0683
    0.0305
   -0.2789
   -0.3704
    0.0094
    0.4545
    0.3017
   -0.2199
   -0.4830
    0.2680
    0.3943
   -0.0323
   -0.4612
   -0.3587
    0.3556
    0.2947
   -0.0882
   -0.4581
    0.0257
   -0.1399
   -0.0033
    0.2265
   -0.3253
   -0.4942
   -0.1392
    0.3475
    0.0820
   -0.2577
   -0.2116
    0.2656
    0.1837
    0.0841
   -0.1344
   -0.2446
    0.0522
   -0.1090
   -0.1345
    0.1292
   -0.0060
   -0.1976
    0.3003
    0.6593
    0.4769
    0.0128
   -0.0913
    0.0711
   -0.2188
   -0.4174
   -0.0022
   -0.0754
   -0.5324
   -0.1810
    0.3808
    0.3863
    0.1179
   -0.0138
    0.0321
    0.1467
   -0.3053
   -0.3322
    0.4395
    0.0650
   -0.0841
    0.2376
    0.0627
    0.0203
   -0.0248
   -0.0852
   -0.1958
    0.0314
    0.0537
    0.1259
    0.0466
   -0.0931
   -0.3531
   -0.7627
   -0.0523
    0.2638
   -0.0085
    0.1369
    0.0069
    0.0100
    0.0401
   -0.5842
   -0.1731
    0.5730
    0.4588
    0.1604
   -0.1400
   -0.2315
   -0.3130
    0.3347
    0.6399
    0.2259
    0.1696
   -0.0682
    0.0743
    0.2427
   -0.0479
    0.1102
    0.0168
   -0.6752
   -0.5797
    0.0935
    0.5715
    0.4431
   -0.5176
   -0.8153
    0.3507
    0.8723
    0.0208
   -0.0759
    0.0770
    0.1342
    0.1470
   -0.0615
   -0.1906
    0.0639
    0.3102
   -0.0329
    0.1588
   -0.1036
   -0.0228
   -0.0168
   -0.2694
    0.1236
   -0.0712
    0.0323
    0.4331
    0.0476
   -0.3558
   -0.0763
    0.1393
    0.1432
   -0.2835
    0.0960
    0.1796
   -0.1756
    0.1124
    0.0651
    0.2079
   -0.1007
   -0.1228
    0.1837
   -0.1874
    0.0285
    0.3504
   -0.1717
   -0.1592
    0.1560
    0.1893
   -0.0799
   -0.3383
   -0.4211
   -0.0814
    0.4327
    0.2045
    0.0771
   -0.0027
    0.0472
   -0.2270
   -0.4065
   -0.1041
   -0.3506
   -0.3120
   -0.2314
   -0.0139
    0.4170
    0.0299
    0.0121
    0.1662
    0.0981
   -0.1329
   -0.0667
    0.3184
    0.2231
    0.1455
   -0.1953
   -0.0926
   -0.0224
   -0.1329
    0.1936
    0.2789
    0.3361
    0.3448
   -0.3082
   -0.2656
   -0.1615
   -0.1091
    0.4887
   -0.0679
   -0.3086
    0.2771
    0.3810
   -0.1528
   -0.0625
   -0.0034
    0.0209
    0.2286
   -0.1157
    0.2091
    0.2593
   -0.0890
   -0.1549
   -0.1819
    0.0283
    0.0561
   -0.0395
   -0.3412
    0.0268
    0.3207
   -0.1125
    0.0192
   -0.1250
   -0.0474
   -0.1132
   -0.0471
    0.3388
    0.1546
   -0.1766
   -0.1960
   -0.3319
   -0.5208
    0.0067
    0.1032
    0.1911
    0.0598
    0.0036
    0.0529
    0.1119
    0.2493
   -0.1555
   -0.2779
   -0.2962
    0.1180
   -0.0735
   -0.3683
    0.0246
    0.2755
    0.3395
    0.0063
    0.0525
   -0.2046
   -0.1427
    0.5890
    0.1657
   -0.2334
   -0.0860
    0.0132
    0.1682
    0.1728
   -0.1681
   -0.5066
   -0.2145
    0.2185
    0.0388
    0.0145
    0.7724
    0.0820
   -0.6564
   -0.4126
   -0.1299
    0.1385
    0.0567
    0.1475
   -0.2161
    0.1533
    0.5798
    0.2499
   -0.2703
   -0.1012
    0.4449
   -0.2053
   -0.3047
    0.2984
   -0.1480
   -0.4243
   -0.1207
   -0.2915
    0.0784
    0.2052
   -0.1366
    0.1494
    0.2273
   -0.3588
   -0.4518
    0.0011
   -0.0536
    0.2649
    0.3536
   -0.3468
    0.0397
   -0.1156
   -0.4563
   -0.0063
    0.0314
   -0.0069
   -0.4612
   -0.2085
    0.1297
    0.1804
   -0.2252
   -0.5343
    0.0237
    0.2209
    0.1936
    0.3624
    0.1417
   -0.4022
   -0.0061
    0.1905
   -0.0065
   -0.2932
   -0.1412
    0.2995
    0.5220
    0.1683
    0.0623
    0.1780
    0.1166
    0.5038
   -0.1175
   -0.0131
    0.1065
    0.3737
    0.4199
    0.1612
   -0.0243
   -0.5601
   -0.1372
    0.0456
    0.0753
   -0.2455
    0.1413
    0.6589
    0.4807
    0.0212
    0.2032
    0.2279
   -0.2886
   -0.2666
   -0.2925
   -0.0393
    0.0229
   -0.0076
    0.1250
    0.2780
   -0.0365
   -0.1086
   -0.2090
   -0.2667
    0.0745
   -0.0095
   -0.0826
    0.0791
    0.2035
    0.1812
   -0.1798
    0.1601
    0.7369
    0.0947
   -0.0843
    0.2747
    0.2562
   -0.3241
   -0.0524
    0.1507
   -0.3113
   -0.3291
    0.2205
    0.4147
   -0.6402
   -0.3911
    0.2689
    0.4293
    0.1603
   -0.3589
   -0.5055
   -0.0575
    0.5040
    0.1412
   -0.0452
    0.1329
    0.4403
    0.3574
    0.0017
    0.0298
    0.0881
    0.0343
   -0.2704
   -0.3531
   -0.1076
   -0.2085
   -0.1775
    0.1913
    0.1895
    0.1480
    0.1867
   -0.1898
   -0.1284
   -0.1600
   -0.1669
    0.1215
    0.3378
    0.1516
    0.2334
    0.1927
   -0.5270
   -0.1629
   -0.1664
   -0.1704
    0.1973
    0.3966
    0.0195
   -0.2642
    0.3615
    0.5283
   -0.0214
    0.1911
    0.3150
   -0.5829
   -0.3420
   -0.1831
   -0.0212
    0.0601
    0.2174
    0.1445
   -0.3099
    0.1919
    0.2018
    0.3700
   -0.0472
   -0.4963
    0.1333
    0.1819
   -0.1749
   -0.0608
    0.0190
   -0.0799
   -0.0692
   -0.3514
   -0.3335
   -0.1046
    0.4024
    0.4198
   -0.3069
   -0.0916
    0.2007
   -0.0429
    0.1789
   -0.2649
   -0.5716
   -0.2457
    0.0284
    0.0696
   -0.4182
    0.1080
    0.1634
    0.0073
    0.2803
    0.0719
   -0.3077
   -0.3938
    0.0526
    0.2888
   -0.0477
   -0.4874
   -0.2763
   -0.0736
    0.5960
    0.5978
    0.0234
   -0.3017
   -0.6328
    0.0691
    0.4151
    0.2355
   -0.0690
    0.0778
   -0.1848
   -0.7044
   -0.0000
    0.4452
    0.0870
   -0.2839
   -0.1595
   -0.2941
   -0.4582
   -0.0862
    0.4864
    0.0920
   -0.2249
   -0.1031
   -0.3084
    0.0655
    0.3012
   -0.1715
   -0.0997
    0.4204
   -0.0488
   -0.1466
   -0.2764
   -0.2329
    0.1987
    0.1180
    0.0133
   -0.0069
    0.5413
    0.1581
   -0.1555
    0.2553
    0.0515
   -0.1344
   -0.2965
    0.1292
    0.0524
   -0.4074
    0.1068
    0.3137
   -0.1056
   -0.3969
    0.0758
    0.4473
   -0.0593
   -0.3019
   -0.0764
   -0.2840
    0.0637
    0.2126
   -0.0903
    0.0667
   -0.0475
    0.1437
   -0.1468
   -0.3105
    0.2422
    0.2170
    0.2271
    0.1999
   -0.2615
   -0.1218
   -0.3267
   -0.2014
    0.2323
   -0.6268
   -0.3001
   -0.0195
   -0.0939
   -0.0098
   -0.1524
    0.5558
    0.2698
    0.2301
    0.2146
   -0.5574
   -0.0776
    0.2613
   -0.0724
   -0.0534
   -0.0988
   -0.1684
    0.2570
    0.0389
   -0.0792
    0.1603
   -0.1807
   -0.1152
    0.0898
    0.4964
    0.5990
    0.1539
   -0.3447
    0.0090
    0.0192
   -0.5509
   -0.1588
    0.0259
   -0.0025
   -0.3097
   -0.1777
    0.2324
    0.4266
    0.3882
   -0.0432
   -0.0156
    0.2830
    0.2465
   -0.0683
    0.1003
    0.0702
   -0.3430
   -0.0828
    0.2136
   -0.1629
    0.2137
    0.6382
    0.0727
   -0.4015
   -0.3804
    0.1403
    0.2924
    0.3172
   -0.1462
   -0.0735
    0.2609
    0.0201
    0.0508
   -0.2766
   -0.0086
    0.2235
   -0.1093
   -0.1965
    0.3077
   -0.1402
   -0.3463
   -0.0028
    0.0399
    0.3462
   -0.2782
   -0.4765
   -0.3933
   -0.1444
    0.1158
    0.0740
    0.1449
   -0.1874
   -0.3803
   -0.0471
   -0.0700
    0.0433
   -0.2293
   -0.1532
    0.4100
   -0.0803
   -0.3572
   -0.4493
    0.0778
   -0.0280
    0.0005
    0.3460
    0.2678
    0.2992
   -0.1654
    0.1335
    0.0338
   -0.0887
    0.0350
   -0.0176
   -0.0524
   -0.2326
    0.1737
    0.0762
    0.0419
    0.3784
    0.2986
   -0.0936
   -0.1524
    0.1114
    0.0247
   -0.2791
   -0.1358
    0.2087
    0.0362
    0.2390
    0.4334
    0.1378
   -0.4584
   -0.1044
    0.4819
    0.0884
   -0.2779
   -0.1759
   -0.2391
   -0.4347
    0.0462
    0.0036
    0.0905
   -0.0164
   -0.2224
   -0.1554
   -0.1201
    0.3277
    0.5539
    0.3197
   -0.2662
   -0.2976
   -0.2605
    0.1796
    0.3983
   -0.0615
   -0.2084
   -0.4517
   -0.1570
   -0.0131
   -0.0750
    0.2183
   -0.3100
   -0.1728
    0.4518
   -0.0275
   -0.3331
   -0.3254
   -0.0674
    0.1436
    0.0046
    0.0953
   -0.0550
   -0.3836
   -0.2416
   -0.0713
    0.0012
    0.1297
   -0.3488
   -0.2670
    0.3477
    0.3348
    0.2407
   -0.0594
    0.0209
   -0.0419
   -0.3110
   -0.3224
    0.0964
    0.5037
    0.1462
    0.1388
    0.0847
   -0.0751
   -0.1757
    0.0593
    0.3213
   -0.2787
   -0.3833
   -0.1442
   -0.0576
    0.1370
    0.1691
    0.2035
    0.0724
   -0.2190
   -0.3995
   -0.0332
    0.1994
   -0.2407
   -0.2944
    0.0492
    0.0866
   -0.0482
   -0.0323
    0.2875
    0.0753
    0.1604
    0.0039
   -0.0593
    0.2105
   -0.4796
   -0.0731
   -0.1809
   -0.1774
    0.0380
    0.2358
    0.5717
    0.2501
    0.0517
    0.2731
    0.6356
   -0.1119
    0.0655
    0.2480
    0.2022
   -0.0265
   -0.3024
   -0.0331
   -0.0589
   -0.1160
   -0.2273
   -0.0341
    0.1889
    0.0111
   -0.1960
   -0.1319
   -0.0330
    0.7036
    0.3381
    0.1775
    0.0012
   -0.4931
   -0.0581
   -0.3693
   -0.0015
    0.2448
    0.0377
   -0.1247
    0.0555
    0.1019
   -0.3220
   -0.0364
    0.2502
   -0.0561
   -0.1487
    0.2085
    0.0675
   -0.2031
   -0.1520
    0.2518
   -0.1807
   -0.5027
   -0.1071
    0.1903
    0.3171
   -0.1628
    0.0646
    0.2449
   -0.1446
    0.0624
    0.1009
   -0.3410
    0.0104
    0.3983
    0.2853
   -0.0526
   -0.2206
    0.1354
   -0.0708
   -0.4313
   -0.2634
    0.0343
    0.2126
    0.1588
    0.3379
    0.2036
   -0.6194
   -0.2957
    0.0406
   -0.3191
   -0.3057
    0.1263
    0.0547
   -0.2048
   -0.1121
   -0.3096
    0.0835
    0.2717
    0.3235
    0.3493
    0.2355
   -0.0572
   -0.1587
   -0.1127
   -0.1206
    0.1121
   -0.1195
    0.0786
   -0.1111
    0.0694
    0.2121
    0.0383
    0.1035
   -0.5448
   -0.1374
    0.3227
    0.0617
   -0.1301
   -0.0548
    0.0374
    0.0203
    0.0317
   -0.1473
   -0.2047
    0.0760
    0.2412
   -0.0731
   -0.0965
    0.4852
    0.4667
    0.0477
    0.2352
   -0.0345
   -0.0872
    0.0770
   -0.1019
   -0.2189
    0.1434
    0.1371
   -0.2709
   -0.0891
   -0.1540
    0.1101
    0.0787
   -0.1377
   -0.2835
    0.0124
    0.3135
   -0.0144
    0.2569
    0.0486
   -0.0390
    0.0308
   -0.0470
    0.2426
   -0.0659
   -0.3770
    0.0637
    0.3431
    0.1008
    0.1545
    0.2209
    0.0840
    0.1904
    0.1983
   -0.1789
   -0.4031
   -0.1577
    0.4181
    0.3032
   -0.0595
   -0.1056
   -0.1699
    0.1653
   -0.0900
   -0.3499
   -0.3443
   -0.0573
    0.1239
    0.1350
    0.0578
   -0.7829
   -0.0503
    0.3250
   -0.4882
   -0.4597
   -0.2424
    0.0074
    0.2376
    0.1022
   -0.0993
    0.4223
   -0.0613
   -0.5972
   -0.3803
   -0.0618
    0.0788
   -0.3334
    0.3103
    0.3655
    0.0920
   -0.0960
   -0.1364
    0.3386
    0.4103
    0.2101
   -0.5606
   -0.4470
    0.1077
    0.2689
    0.2763
    0.1785
   -0.0909
    0.1478
    0.3936
   -0.2884
   -0.5320
   -0.4023
   -0.2538
    0.1487
    0.3344
    0.3095
   -0.0129
   -0.4320
   -0.1506
   -0.1700
    0.0578
    0.3809
    0.2014
   -0.0004
   -0.0687
    0.2149
    0.0885
   -0.1204
   -0.1939
   -0.2017
   -0.0990
    0.3073
    0.5057
    0.2764
    0.0972
   -0.2299
   -0.3161
   -0.1119
    0.1826
   -0.1286
   -0.1644
    0.0441
   -0.1315
   -0.0830
   -0.0847
    0.6601
    0.3001
   -0.1911
   -0.2205
   -0.3390
    0.1489
   -0.2188
    0.2190
    0.3605
    0.2020
    0.0077
   -0.4706
    0.0709
    0.2413
    0.2237
   -0.0349
   -0.0274
   -0.0301
   -0.2268
    0.2019
    0.1845
   -0.0765
   -0.2431
   -0.1772
    0.0119
   -0.3685
   -0.2799
    0.1335
   -0.0952
    0.0408
    0.1928
   -0.2858
   -0.3379
   -0.1423
   -0.1357
    0.0280
    0.0110
    0.3394
    0.3450
   -0.2828
   -0.4326
    0.0162
    0.3029
   -0.0749
   -0.0078
    0.1994
   -0.2672
   -0.5612
   -0.4538
   -0.3345
    0.2941
    0.1790
   -0.1657
    0.2605
    0.2360
    0.1295
   -0.2530
   -0.5406
   -0.2501
   -0.1034
    0.2552
    0.3963
    0.2493
    0.0890
   -0.4458
   -0.3586
    0.2694
    0.4980
    0.0940
    0.1866
   -0.2920
   -0.4043
    0.2804
    0.0272
    0.0606
   -0.2575
    0.0909
    0.0593
   -0.4772
   -0.2988
   -0.1230
    0.5276
    0.5416
    0.0351
    0.0169
   -0.0916
   -0.2259
    0.1591
    0.3315
    0.3869
    0.5841
    0.2744
   -0.3024
   -0.3046
   -0.4904
   -0.0666
    0.4253
    0.1602
   -0.0699
   -0.2408
    0.1900
    0.2699
    0.1548
   -0.2965
   -0.5930
   -0.3110
   -0.0451
    0.3060
    0.1062
   -0.0451
   -0.0172
   -0.1473
    0.0809
   -0.0350
   -0.2188
   -0.2805
    0.2933
    0.4941
    0.0225
   -0.1590
   -0.4685
    0.2076
    0.2468
    0.1666
    0.0240
   -0.0871
   -0.4199
   -0.6990
    0.5568
    0.8392
    0.2695
   -0.1311
   -0.1306
   -0.0923
    0.1591
   -0.0699
   -0.3577
    0.0072
    0.1369
   -0.0461
   -0.0788
   -0.2077
   -0.1957
    0.3865
    0.2166
    0.0791
    0.0486
    0.0342
    0.0836
    0.1048
    0.3755
    0.2755
    0.0890
   -0.0558
    0.0031
    0.1659
   -0.0256
   -0.2095
    0.3453
    0.7128
   -0.0055
   -0.4018
   -0.1158
    0.1017
   -0.3351
   -0.5607
    0.0160
    0.3316
    0.5977
    0.1860
   -0.4660
   -0.4972
   -0.2246
    0.2680
    0.5392
    0.5637
   -0.1521
   -0.6216
   -0.7392
    0.0150
    0.5996
   -0.0222
    0.4578
    0.4176
    0.1037
   -0.3461
   -0.3925
    0.3722
   -0.1710
   -0.4028
    0.0935
    0.5663
    0.1256
   -0.1850
    0.1952
    0.0275
    0.0841
    0.0279
    0.0053
   -0.0231
    0.0883
   -0.0034
   -0.1872
   -0.0718
   -0.0518
    0.2822
    0.1117
    0.1902
   -0.0649
    0.0099
    0.0680
   -0.0713
    0.3039
    0.1805
    0.0423
   -0.5833
    0.1503
    0.2396
   -0.0449
    0.6579
    0.3731
   -0.0354
   -0.4527
   -0.6808
   -0.3425
    0.3876
    0.4980
    0.1626
   -0.1525
   -0.3245
   -0.2891
   -0.1397
   -0.0046
    0.0947
   -0.0167
    0.1595
    0.4968
   -0.0323
   -0.4939
   -0.2182
    0.1867
    0.3472
    0.0839
   -0.0535
   -0.0288
   -0.4356
   -0.4107
   -0.2787
   -0.0964
    0.0746
    0.1654
    0.1866
    0.0211
    0.0895
    0.1458
   -0.0439
   -0.0076
    0.0881
   -0.1567
   -0.0156
    0.0234
    0.3602
    0.1083
   -0.1479
    0.0462
   -0.5049
   -0.3143
    0.1646
    0.1049
   -0.5215
   -0.4130
   -0.0100
    0.1075
    0.4839
    0.2572
    0.3594
    0.1901
   -0.1805
   -0.2062
   -0.2965
   -0.0789
    0.0313
    0.2163
    0.2233
    0.0516
    0.0555
   -0.1154
   -0.1335
    0.0526
    0.0915
   -0.2440
   -0.1704
    0.1117
   -0.3841
   -0.1835
    0.1073
    0.0778
    0.0849
   -0.0615
    0.3481
    0.3439
   -0.1965
   -0.0026
    0.3654
    0.4035
    0.2773
   -0.2599
   -0.3951
   -0.2670
    0.0502
    0.0169
   -0.2050
   -0.2639
   -0.2834
    0.0301
    0.0604
    0.0609
   -0.0566
    0.0441
    0.1020
   -0.2095
   -0.2337
   -0.2037
   -0.2567
   -0.1905
   -0.0251
    0.1997
    0.2571
    0.2616
    0.2464
    0.1121
   -0.2889
   -0.5011
    0.3038
    0.1927
   -0.1468
   -0.0394
   -0.0274
    0.3225
   -0.1714
    0.0790
    0.1793
    0.2003
    0.4107
   -0.3246
   -0.0650
   -0.1769
    0.1721
    0.6746
   -0.1002
   -0.2498
   -0.1936
   -0.0918
   -0.0124
   -0.0083
   -0.0099
   -0.1459
   -0.1349
    0.1705
    0.3855
    0.2097
    0.1278
    0.0320
   -0.2510
   -0.1199
    0.1279
   -0.1184
   -0.0564
    0.2118
    0.2152
    0.0917
   -0.0479
   -0.2106
    0.0540
    0.0948
   -0.1089
    0.1794
   -0.1086
   -0.4550
   -0.5077
   -0.3903
   -0.1582
    0.2605
    0.2356
   -0.4318
    0.0232
    0.6359
    0.5149
    0.2808
   -0.2210
    0.0211
    0.2356
   -0.1600
    0.0020
   -0.1458
   -0.1036
    0.1762
    0.2967
    0.2456
    0.1568
   -0.0383
   -0.3576
   -0.2346
   -0.4077