0
400
200
155
100
cd
ab
92
80
72
66
5d
55
4f
49
44
40
3c
39
36
33
31
2f
2d
2b
29
27
26
25
23
22
21
20
1f
1e
1d
1c
1c
1b
1a
1a
19
18
18
17
17
16
16
15
15
14
14
14
13
13
13
12
12
12
11
11
11
11
10
10
10
10
f
f
f
f
e
e
e
e
e
d
d
d
d
d
d
c
c
c
c
c
c
c
c
b
b
b
b
b
b
b
b
a
a
a
a
a
a
a
a
a
a
9
9
9
9
9
9
9
9
9
9
9
9
9
8
8
8
8
8
8
8
8
8
8
8
8
8
8
8
8
7
7
7
7
7
7
7
7
7
7
7
7
7
7
7
7
7
7
7
7
7
6
6
6
6
6
6
6
6
6
6
6
6
6
6
6
6
6
6
6
6
6
6
6
6
6
6
6
6
6
5
5
5
5
5
5
5
5
5
5
5
5
5
5
5
5
5
5
5
5
5
5
5
5
5
5
5
5
5
5
5
5
5
5
5
5
5
5
5
5
5
4
4
4
4
4
4
4
4
4
4
4
4
4
4
4
4
4
4
4
4
4
4
4
4
4
4
4
