1.000000e-02
1.000000e-02
1.000000e-02
1.000000e-02
1.000000e-02
1.000000e-02
1.000000e-02
1.000000e-02
1.000000e-02
1.000000e-02
1.000000e-02
1.000000e-02
1.000000e-02
1.000000e-02
1.000000e-02
1.000000e-02
1.000000e-02
1.000000e-02
1.000000e-02
1.000000e-02
1.000000e-02
1.000000e-02
1.000000e-02
1.000000e-02
1.000000e-02
1.000000e-02
1.000000e-02
1.000000e-02
1.000001e-02
1.000002e-02
1.000004e-02
1.000012e-02
1.000014e-02
1.000145e-02
1.000163e-02
1.000172e-02
1.000172e-02
1.000188e-02
1.000189e-02
1.000203e-02
1.000208e-02
1.000262e-02
1.000298e-02
1.000379e-02
1.000423e-02
1.000815e-02
1.001131e-02
1.001246e-02
1.001264e-02
1.001496e-02
1.002107e-02
1.002220e-02
1.002252e-02
1.002263e-02
1.002462e-02
1.002655e-02
1.002945e-02
1.003167e-02
1.005846e-02
1.238477e-02
2.400204e-02
9.440883e-02
1.272164e-01
1.272164e-01
1.308374e-01
1.345750e-01
1.346485e-01
1.394362e-01
1.456810e-01
1.704093e-01
1.748478e-01
1.808337e-01
1.884897e-01
2.326000e-01
2.479247e-01
2.586524e-01
3.659858e-01
3.663666e-01
5.105385e-01
8.363096e-01
8.383487e-01
8.893139e-01
9.975079e-01
1.220379e+00
1.436294e+00
1.469146e+00
1.471043e+00
1.483097e+00
1.483211e+00
1.497689e+00
1.523988e+00
1.568893e+00
1.558382e+00
1.489449e+00
1.714379e+00
1.798644e+00
1.839076e+00
1.836839e+00
2.024736e+00
2.020681e+00
2.015968e+00
2.122079e+00
2.218089e+00
2.226910e+00
2.219493e+00
2.220091e+00
2.205036e+00
2.261109e+00
2.396298e+00
2.437207e+00
2.300602e+00
2.149284e+00
2.225838e+00
2.178212e+00
2.116278e+00
1.928148e+00
1.728361e+00
1.697089e+00
1.746149e+00
1.739181e+00
1.741986e+00
1.729560e+00
1.712466e+00
1.738523e+00
1.903365e+00
1.923181e+00
1.687323e+00
1.604519e+00
1.565358e+00
1.571030e+00
1.690143e+00
1.832197e+00
1.923659e+00
1.861414e+00
1.784071e+00
1.771908e+00
1.992539e+00
1.959676e+00
2.177413e+00
2.337077e+00
2.100406e+00
2.071476e+00
2.082890e+00
1.932991e+00
1.858384e+00
1.924661e+00
1.931932e+00
1.901455e+00
1.902077e+00
1.934198e+00
1.945296e+00
1.954717e+00
2.002815e+00
2.305336e+00
2.362384e+00
2.635005e+00
2.666467e+00
2.650996e+00
2.674472e+00
2.770822e+00
2.771042e+00
2.857507e+00
2.606397e+00
2.463794e+00
2.762902e+00
2.695133e+00
2.699713e+00
2.704548e+00
2.573147e+00
2.848065e+00
2.649586e+00
2.488119e+00
2.553309e+00
2.595506e+00
2.577365e+00
2.582492e+00
2.677186e+00
2.700420e+00
2.693082e+00
2.709070e+00
3.003126e+00
2.981190e+00
2.958627e+00
3.024814e+00
3.015361e+00
2.768577e+00
2.711805e+00
2.396516e+00
2.199134e+00
2.254003e+00
2.294180e+00
2.216572e+00
2.251035e+00
2.157839e+00
2.147353e+00
2.174215e+00
1.896069e+00
1.921193e+00
1.893647e+00
2.013981e+00
1.929758e+00
1.658328e+00
1.661634e+00
1.806886e+00
1.906509e+00
1.869991e+00
1.872323e+00
1.843585e+00
1.762265e+00
1.671728e+00
1.793875e+00
1.796016e+00
1.552503e+00
1.620407e+00
1.586156e+00
1.527607e+00
1.509335e+00
1.619881e+00
1.882758e+00
1.852232e+00
1.865777e+00
1.834439e+00
1.910311e+00
1.927303e+00
1.947620e+00
1.958984e+00
1.977382e+00
1.955819e+00
1.841865e+00
1.815919e+00
1.868046e+00
1.781362e+00
1.863727e+00
1.968939e+00
1.960361e+00
1.772180e+00
1.610301e+00
1.641826e+00
1.639576e+00
1.667659e+00
1.663173e+00
1.776488e+00
1.609129e+00
1.600938e+00
1.608984e+00
1.594077e+00
1.653513e+00
2.295666e+00
2.275721e+00
2.255706e+00
2.015789e+00
2.244147e+00
2.304487e+00
2.451294e+00
2.318445e+00
2.332988e+00
2.304973e+00
2.399896e+00
2.723000e+00
2.725668e+00
2.726552e+00
2.749030e+00
2.700458e+00
2.673248e+00
2.587140e+00
2.641075e+00
2.806749e+00
2.801847e+00
2.854515e+00
2.938429e+00
3.114682e+00
3.120038e+00
3.125748e+00
3.029904e+00
3.036298e+00
3.074170e+00
3.014956e+00
2.974867e+00
3.066894e+00
2.403572e+00
2.652905e+00
2.559360e+00
2.589959e+00
2.379803e+00
2.305930e+00
2.130618e+00
2.102287e+00
2.188006e+00
2.161775e+00
2.060899e+00
1.678302e+00
1.703877e+00
1.706977e+00
1.926555e+00
2.046327e+00
2.032871e+00
2.093095e+00
1.921369e+00
1.741442e+00
1.735146e+00
1.675721e+00
1.727399e+00
1.550953e+00
1.582304e+00
1.892650e+00
2.007029e+00
2.064782e+00
2.228398e+00
2.219708e+00
2.283000e+00
2.126416e+00
2.126864e+00
1.931207e+00
1.878395e+00
1.832633e+00
1.819113e+00
2.080973e+00
2.093631e+00
2.098151e+00
1.984224e+00
2.154380e+00
2.252332e+00
2.259487e+00
2.226094e+00
2.222779e+00
1.981673e+00
1.919779e+00
1.994912e+00
1.945769e+00
1.947619e+00
1.955899e+00
1.965619e+00
1.966912e+00
1.789351e+00
1.806907e+00
1.820030e+00
1.496340e+00
1.366365e+00
1.321786e+00
1.145971e+00
1.148920e+00
1.079380e+00
1.410923e+00
1.458715e+00
1.443929e+00
1.467081e+00
1.486578e+00
1.531690e+00
1.325503e+00
1.408659e+00
1.431230e+00
1.887289e+00
1.724445e+00
1.631287e+00
1.641118e+00
1.642878e+00
1.648266e+00
1.705567e+00
1.679907e+00
1.617710e+00
1.611619e+00
1.607927e+00
1.627435e+00
2.033268e+00
2.043755e+00
2.039638e+00
2.180638e+00
2.370633e+00
2.368657e+00
2.474626e+00
2.454552e+00
2.449735e+00
2.465006e+00
2.446651e+00
2.207824e+00
2.222781e+00
2.218919e+00
2.193930e+00
2.216324e+00
2.374849e+00
2.374562e+00
2.293690e+00
2.328894e+00
1.866527e+00
1.880841e+00
1.870778e+00
1.861638e+00
1.901842e+00
1.900850e+00
1.913958e+00
2.068265e+00
2.221662e+00
2.227935e+00
2.488585e+00
2.639459e+00
2.218368e+00
2.224066e+00
2.221197e+00
2.225881e+00
1.990897e+00
2.070616e+00
1.983562e+00
1.997788e+00
1.984121e+00
1.968607e+00
1.984389e+00
1.932538e+00
1.910735e+00
1.879397e+00
1.885207e+00
1.854951e+00
1.663449e+00
1.615997e+00
1.601828e+00
1.543579e+00
1.527571e+00
1.523965e+00
1.532430e+00
1.529301e+00
1.544821e+00
1.549720e+00
1.527916e+00
1.341812e+00
1.311820e+00
1.309959e+00
1.048553e+00
9.109352e-01
1.024745e+00
1.039179e+00
1.045530e+00
8.816703e-01
1.104108e+00
1.021441e+00
1.007550e+00
1.073780e+00
1.061153e+00
1.060217e+00
1.047674e+00
1.008122e+00
1.150658e+00
1.146863e+00
1.401509e+00
1.517653e+00
1.502695e+00
1.500603e+00
1.504595e+00
1.507655e+00
1.544818e+00
1.526038e+00
1.518442e+00
1.512500e+00
1.462981e+00
1.454633e+00
1.407070e+00
1.553234e+00
1.416692e+00
1.430770e+00
1.458113e+00
1.417278e+00
1.315813e+00
1.292139e+00
1.646984e+00
1.684516e+00
1.559393e+00
1.568057e+00
1.588552e+00
1.580316e+00
1.830755e+00
1.851129e+00
1.849510e+00
1.851389e+00
1.675300e+00
1.690414e+00
1.456434e+00
1.696451e+00
1.698904e+00
1.917042e+00
1.916464e+00
1.909464e+00
2.019978e+00
2.022251e+00
2.099248e+00
2.385712e+00
2.526644e+00
2.530502e+00
2.532469e+00
2.383418e+00
2.398349e+00
2.395280e+00
2.421395e+00
2.421296e+00
2.459734e+00
2.556075e+00
2.200002e+00
2.207665e+00
2.080021e+00
2.071388e+00
2.045176e+00
1.996019e+00
1.741861e+00
1.712540e+00
1.710947e+00
1.795967e+00
1.911502e+00
1.941897e+00
1.917842e+00
1.535437e+00
1.619431e+00
1.417648e+00
1.425234e+00
1.504284e+00
1.365023e+00
1.391621e+00
1.364017e+00
1.090974e+00
9.420834e-01
9.426317e-01
9.409780e-01
9.404535e-01
9.451531e-01
9.529054e-01
9.188991e-01
9.193590e-01
8.688141e-01
7.637657e-01
7.694515e-01
7.309730e-01
1.014879e+00
1.023038e+00
1.030894e+00
1.095836e+00
1.155517e+00
1.160642e+00
1.179803e+00
1.195966e+00
1.120050e+00
1.139817e+00
1.161692e+00
1.309315e+00
1.474894e+00
1.473974e+00
1.679095e+00
1.599720e+00
1.643747e+00
1.708922e+00
1.661193e+00
1.665994e+00
1.712741e+00
1.725384e+00
1.723652e+00
1.766724e+00
2.066583e+00
2.044804e+00
2.403488e+00
2.481249e+00
2.544243e+00
2.544318e+00
2.550447e+00
2.548457e+00
2.423116e+00
2.427046e+00
2.471425e+00
2.383104e+00
2.446835e+00
2.465562e+00
2.499253e+00
2.445852e+00
2.427416e+00
2.449294e+00
2.429062e+00
2.438401e+00
2.632869e+00
2.663324e+00
2.481246e+00
2.483230e+00
2.465004e+00
2.619145e+00
2.646569e+00
2.626115e+00
3.091419e+00
3.247717e+00
3.251249e+00
3.242169e+00
2.937209e+00
3.023266e+00
3.030112e+00
3.027782e+00
3.153215e+00
3.161744e+00
3.165639e+00
3.635433e+00
3.607135e+00
3.947612e+00
4.253276e+00
4.364162e+00
4.235706e+00
4.211659e+00
4.166462e+00
4.227348e+00
4.243260e+00
4.154889e+00
4.150746e+00
3.998168e+00
3.607289e+00
3.725400e+00
4.293677e+00
4.423032e+00
4.703854e+00
4.640425e+00
4.615180e+00
4.634265e+00
4.124259e+00
3.958424e+00
3.958832e+00
3.998075e+00
4.214189e+00
4.140726e+00
3.816171e+00
3.740218e+00
3.726260e+00
3.727702e+00
3.712407e+00
3.434978e+00
3.339008e+00
2.988731e+00
2.731320e+00
2.644327e+00
2.647177e+00
2.711336e+00
2.768520e+00
2.746388e+00
2.701160e+00
2.888088e+00
2.893363e+00
2.951925e+00
2.894948e+00
2.741227e+00
2.166069e+00
2.045656e+00
1.822018e+00
1.633305e+00
1.642226e+00
1.714281e+00
1.747450e+00
1.742506e+00
1.757307e+00
1.719405e+00
1.574430e+00
1.630139e+00
1.601949e+00
1.676804e+00
1.517633e+00
1.548750e+00
1.585789e+00
1.574340e+00
1.637767e+00
1.668730e+00
1.601814e+00
1.590527e+00
1.612490e+00
1.553180e+00
1.491708e+00
1.504456e+00
1.528121e+00
1.508144e+00
1.506103e+00
1.440507e+00
1.453656e+00
1.468390e+00
1.628241e+00
1.638960e+00
1.875779e+00
1.875903e+00
2.086401e+00
2.134737e+00
2.234147e+00
2.269191e+00
2.415118e+00
2.387067e+00
2.362127e+00
2.289989e+00
2.303243e+00
2.232195e+00
2.223290e+00
2.180581e+00
2.201912e+00
2.018933e+00
2.019770e+00
2.058877e+00
2.064599e+00
2.082602e+00
2.097542e+00
2.094408e+00
2.116824e+00
2.181613e+00
2.185761e+00
2.064385e+00
2.098684e+00
2.176451e+00
2.164292e+00
2.139611e+00
1.986307e+00
1.971421e+00
1.733453e+00
1.885351e+00
1.687700e+00
1.620490e+00
1.750375e+00
1.714088e+00
1.744151e+00
1.743548e+00
1.689354e+00
1.747127e+00
1.848198e+00
1.851915e+00
1.844293e+00
1.952359e+00
1.902977e+00
2.257507e+00
2.155852e+00
2.198190e+00
2.161655e+00
2.140333e+00
2.106590e+00
2.124090e+00
2.111322e+00
1.970006e+00
2.067752e+00
2.021815e+00
2.008090e+00
1.973810e+00
2.003043e+00
2.027304e+00
2.088452e+00
2.149891e+00
2.059452e+00
2.038201e+00
2.100682e+00
2.029636e+00
1.936916e+00
1.964420e+00
1.835557e+00
1.878207e+00
2.078181e+00
2.046572e+00
1.900618e+00
1.927308e+00
1.946501e+00
1.991109e+00
2.050341e+00
1.976754e+00
1.977254e+00
2.058206e+00
2.110941e+00
2.121034e+00
2.115034e+00
2.097750e+00
2.085738e+00
2.059665e+00
2.017663e+00
2.093348e+00
2.074361e+00
2.172730e+00
2.209711e+00
2.287144e+00
2.190775e+00
2.212566e+00
2.231279e+00
2.246952e+00
2.171155e+00
2.208593e+00
2.037888e+00
2.049927e+00
1.988535e+00
2.013818e+00
2.080652e+00
2.107779e+00
2.132471e+00
2.101319e+00
2.276924e+00
2.193643e+00
2.119395e+00
1.858113e+00
1.871208e+00
1.685395e+00
1.633263e+00
1.661120e+00
1.664919e+00
1.674975e+00
1.674043e+00
1.851351e+00
1.790219e+00
1.742937e+00
1.807960e+00
1.695206e+00
1.639857e+00
1.551045e+00
1.680557e+00
1.643790e+00
1.624758e+00
1.555018e+00
1.767118e+00
1.814766e+00
2.173007e+00
2.232919e+00
2.227930e+00
2.237018e+00
1.970920e+00
1.914644e+00
1.965566e+00
1.962719e+00
1.833966e+00
1.799859e+00
1.800217e+00
1.838698e+00
1.912497e+00
1.919631e+00
1.972889e+00
1.974288e+00
1.987084e+00
2.053668e+00
2.056682e+00
2.003915e+00
2.082235e+00
2.190546e+00
2.122179e+00
2.094069e+00
2.124801e+00
2.134105e+00
2.006371e+00
1.997515e+00
2.000956e+00
1.937789e+00
1.714326e+00
1.677121e+00
1.343157e+00
1.254459e+00
1.313870e+00
1.253390e+00
1.256964e+00
1.257696e+00
1.451109e+00
1.667036e+00
1.661321e+00
1.714968e+00
1.889523e+00
1.905507e+00
1.904224e+00
1.955799e+00
1.911076e+00
1.902672e+00
1.959001e+00
1.980454e+00
2.120406e+00
2.005437e+00
1.927865e+00
1.789846e+00
1.788333e+00
1.959267e+00
1.932495e+00
1.971859e+00
1.987820e+00
2.035547e+00
2.052529e+00
2.132286e+00
2.141853e+00
2.123333e+00
2.118704e+00
2.113220e+00
2.053899e+00
2.033330e+00
2.084735e+00
2.088880e+00
1.865827e+00
1.758491e+00
1.803470e+00
1.818464e+00
1.953425e+00
1.877650e+00
1.848215e+00
1.909736e+00
1.928177e+00
1.953737e+00
2.065918e+00
1.973191e+00
2.101300e+00
2.385253e+00
2.398543e+00
2.401546e+00
2.426447e+00
2.337682e+00
2.327192e+00
2.259624e+00
2.373654e+00
2.282266e+00
2.305688e+00
2.295821e+00
2.396545e+00
2.427259e+00
2.500930e+00
2.502808e+00
2.511023e+00
2.523868e+00
2.475745e+00
2.479086e+00
2.488176e+00
2.390814e+00
2.281925e+00
2.475694e+00
2.166793e+00
2.239958e+00
2.204416e+00
2.241247e+00
2.211440e+00
2.147203e+00
1.970157e+00
2.076686e+00
1.808353e+00
1.514855e+00
1.479282e+00
1.475915e+00
1.912557e+00
1.836778e+00
2.006727e+00
2.066804e+00
1.972359e+00
1.972204e+00
1.952263e+00
1.897791e+00
1.823031e+00
1.762055e+00
1.737452e+00
1.839150e+00
1.895948e+00
1.976323e+00
1.965100e+00
2.172879e+00
2.118278e+00
2.109215e+00
2.141625e+00
1.846595e+00
1.845902e+00
1.840615e+00
1.830956e+00
1.667462e+00
1.727509e+00
1.815299e+00
1.818589e+00
1.724058e+00
1.724820e+00
1.765877e+00
1.823919e+00
1.982067e+00
2.024123e+00
2.031188e+00
1.855473e+00
2.115285e+00
2.195148e+00
2.286852e+00
2.312430e+00
2.309802e+00
2.291249e+00
2.342412e+00
2.344786e+00
2.299093e+00
2.233944e+00
2.137462e+00
2.139899e+00
1.924751e+00
1.931244e+00
1.928977e+00
1.930117e+00
1.931253e+00
2.014546e+00
1.947425e+00
1.968460e+00
1.967756e+00
2.042176e+00
2.010401e+00
2.169297e+00
2.290570e+00
2.551305e+00
2.534928e+00
2.479245e+00
2.375115e+00
1.925538e+00
1.999797e+00
2.039997e+00
1.720111e+00
1.677564e+00
1.620615e+00
1.639232e+00
1.614746e+00
1.737345e+00
1.725964e+00
1.662476e+00
1.657890e+00
1.682770e+00
1.755962e+00
1.750721e+00
1.748908e+00
1.758463e+00
1.766653e+00
1.735799e+00
1.760574e+00
1.753736e+00
1.770474e+00
1.746932e+00
1.744463e+00
1.608711e+00
1.566690e+00
1.499841e+00
1.390892e+00
1.126510e+00
1.249228e+00
1.645172e+00
1.591293e+00
1.540627e+00
1.613779e+00
1.667962e+00
1.696574e+00
1.658811e+00
1.679893e+00
1.611433e+00
1.649741e+00
1.526521e+00
1.531550e+00
1.568300e+00
1.513511e+00
1.542114e+00
1.468973e+00
1.481959e+00
1.494752e+00
1.500360e+00
1.527841e+00
1.530430e+00
1.714034e+00
1.698077e+00
1.706808e+00
1.700498e+00
1.702521e+00
1.699793e+00
1.709050e+00
1.616480e+00
1.599134e+00
1.612975e+00
1.550399e+00
1.168279e+00
1.209677e+00
1.253281e+00
1.101296e+00
1.040367e+00
1.027424e+00
9.917991e-01
9.389287e-01
9.431310e-01
9.498821e-01
1.072298e+00
1.031034e+00
1.016648e+00
1.010125e+00
9.623644e-01
9.903306e-01
1.041707e+00
1.183099e+00
1.185860e+00
1.155109e+00
1.149558e+00
9.423233e-01
9.958239e-01
1.082070e+00
1.095209e+00
1.278594e+00
1.397455e+00
1.380706e+00
1.667164e+00
2.009167e+00
2.209253e+00
2.135777e+00
2.146564e+00
2.113408e+00
2.083750e+00
2.080855e+00
2.167325e+00
2.151782e+00
2.175150e+00
2.283945e+00
2.388371e+00
2.348093e+00
2.206951e+00
2.225804e+00
2.195419e+00
2.217716e+00
2.215955e+00
2.195954e+00
2.301719e+00
2.179186e+00
2.153659e+00
2.160488e+00
2.197783e+00
2.237432e+00
2.134755e+00
2.021471e+00
2.007564e+00
1.962474e+00
1.855197e+00
1.889137e+00
1.594123e+00
1.245243e+00
1.032345e+00
1.160897e+00
1.157898e+00
1.460132e+00
1.443237e+00
1.472722e+00
1.535008e+00
1.975692e+00
2.076422e+00
1.965977e+00
2.112200e+00
2.114575e+00
2.116605e+00
2.109378e+00
2.112365e+00
2.194173e+00
2.314180e+00
2.326924e+00
2.207670e+00
2.391430e+00
2.399313e+00
2.391560e+00
2.354160e+00
2.309851e+00
2.527875e+00
2.536449e+00
2.570234e+00
2.477513e+00
2.500104e+00
2.458043e+00
2.473616e+00
2.473453e+00
2.533278e+00
2.397390e+00
2.423334e+00
2.115009e+00
2.124644e+00
2.100029e+00
2.030019e+00
1.650772e+00
1.626099e+00
1.752670e+00
1.608685e+00
1.725581e+00
1.805669e+00
1.791249e+00
1.788122e+00
1.714997e+00
1.680561e+00
1.660068e+00
1.941184e+00
1.730547e+00
1.723163e+00
1.720008e+00
1.775421e+00
1.776046e+00
1.558996e+00
1.563882e+00
1.529449e+00
1.483114e+00
1.497489e+00
1.530241e+00
1.613320e+00
1.644981e+00
1.662739e+00
1.678021e+00
1.951636e+00
1.967461e+00
1.958892e+00
1.947075e+00
1.847792e+00
1.823499e+00
1.722846e+00
1.675769e+00
1.607365e+00
1.505809e+00
1.445415e+00
1.639403e+00
1.669587e+00
1.747380e+00
1.725418e+00
1.726521e+00
1.784323e+00
1.805660e+00
1.810309e+00
1.822397e+00
1.861730e+00
1.973657e+00
1.962290e+00
1.965782e+00
1.966358e+00
1.965561e+00
1.921656e+00
1.889740e+00
1.866615e+00
1.964857e+00
1.886308e+00
2.073573e+00
1.839510e+00
1.869757e+00
2.101560e+00
2.173321e+00
2.315715e+00
2.279290e+00
2.491820e+00
2.539153e+00
2.622777e+00
2.684366e+00
2.670404e+00
2.684284e+00
2.653898e+00
2.564498e+00
2.496920e+00
2.546767e+00
2.262488e+00
2.480554e+00
2.494663e+00
2.602301e+00
2.513889e+00
2.467424e+00
2.510862e+00
2.564125e+00
2.595595e+00
2.601613e+00
2.615023e+00
2.673918e+00
2.598828e+00
2.473507e+00
2.491511e+00
2.301632e+00
2.210625e+00
2.201294e+00
2.058189e+00
2.421025e+00
2.492991e+00
2.492113e+00
2.287785e+00
2.164140e+00
2.085568e+00
2.172924e+00
2.165153e+00
1.960960e+00
2.243713e+00
2.256907e+00
2.401925e+00
2.499833e+00
2.407879e+00
2.163790e+00
2.145445e+00
2.046223e+00
2.132718e+00
2.176692e+00
2.325074e+00
2.258765e+00
2.232100e+00
2.281486e+00
2.267349e+00
2.207933e+00
2.205828e+00
2.201210e+00
2.221440e+00
2.205723e+00
2.208570e+00
2.185397e+00
2.097387e+00
1.671373e+00
1.568635e+00
2.150222e+00
2.144627e+00
2.209146e+00
2.161357e+00
2.005872e+00
2.005915e+00
2.000325e+00
1.718522e+00
2.027038e+00
1.911977e+00
2.091054e+00
2.287646e+00
2.313177e+00
2.331742e+00
2.363804e+00
2.368547e+00
2.370181e+00
2.586467e+00
2.633293e+00
2.654994e+00
2.603195e+00
2.604786e+00
2.663266e+00
2.664943e+00
2.669826e+00
2.631785e+00
3.086733e+00
3.419861e+00
3.412753e+00
3.737210e+00
3.924899e+00
4.068133e+00
4.151050e+00
4.271291e+00
4.962607e+00
4.962968e+00
4.950004e+00
4.955884e+00
4.973794e+00
4.993803e+00
4.656295e+00
4.662665e+00
4.338454e+00
4.224184e+00
4.199544e+00
4.205150e+00
4.162318e+00
4.064872e+00
3.953160e+00
3.616299e+00
3.580537e+00
3.556837e+00
3.553228e+00
3.735317e+00
3.678696e+00
3.803006e+00
3.796691e+00
3.815814e+00
3.380377e+00
3.124711e+00
3.125168e+00
2.830792e+00
2.665275e+00
2.409986e+00
1.749552e+00
1.669803e+00
9.190616e-01
9.337082e-01
9.616897e-01
9.908951e-01
9.736978e-01
1.074879e+00
1.100586e+00
1.089593e+00
1.109838e+00
1.049476e+00
1.054775e+00
1.144049e+00
1.310654e+00
1.316762e+00
1.503673e+00
1.472927e+00
1.463583e+00
1.458524e+00
1.459711e+00
1.323647e+00
1.486611e+00
1.370844e+00
1.487957e+00
1.565885e+00
1.598939e+00
1.518786e+00
1.683469e+00
1.652109e+00
1.621426e+00
1.636422e+00
1.641805e+00
1.616250e+00
1.610547e+00
1.696826e+00
1.712862e+00
1.698890e+00
1.736213e+00
1.621984e+00
1.592999e+00
1.585305e+00
1.598468e+00
1.640373e+00
1.746941e+00
1.751318e+00
1.668937e+00
1.732864e+00
1.571750e+00
1.541831e+00
1.774732e+00
1.779335e+00
1.872327e+00
1.897570e+00
1.877460e+00
1.889960e+00
1.770923e+00
1.673603e+00
1.620488e+00
1.672564e+00
1.512060e+00
1.554887e+00
1.621983e+00
1.602274e+00
1.616649e+00
1.632060e+00
1.628415e+00
1.530208e+00
1.481990e+00
1.577215e+00
1.539800e+00
1.634071e+00
1.646222e+00
1.628942e+00
1.607063e+00
1.531550e+00
1.431409e+00
1.314770e+00
1.334565e+00
1.287901e+00
1.293025e+00
1.319517e+00
1.190807e+00
1.457462e+00
1.362285e+00
1.296147e+00
1.187555e+00
1.167796e+00
1.163905e+00
1.166689e+00
1.178766e+00
1.188672e+00
1.199468e+00
1.232964e+00
1.253455e+00
1.259455e+00
1.240862e+00
1.343396e+00
1.343202e+00
1.415936e+00
1.529644e+00
1.413298e+00
1.415331e+00
1.354344e+00
1.362055e+00
1.708574e+00
1.720419e+00
1.772635e+00
1.767221e+00
1.765179e+00
1.678724e+00
1.684693e+00
1.681755e+00
1.899955e+00
1.835830e+00
1.612324e+00
1.613787e+00
1.603342e+00
2.163418e+00
2.166561e+00
2.597374e+00
2.764854e+00
2.769206e+00
2.726224e+00
2.705261e+00
2.649789e+00
2.608748e+00
2.618315e+00
2.949048e+00
2.875861e+00
2.948333e+00
2.882685e+00
2.965334e+00
3.007444e+00
3.097531e+00
3.144748e+00
3.146279e+00
2.979422e+00
2.966533e+00
2.997060e+00
2.995818e+00
3.037742e+00
3.028103e+00
3.020570e+00
3.043966e+00
2.916062e+00
3.074199e+00
3.026442e+00
3.027804e+00
3.097745e+00
2.626152e+00
2.739701e+00
2.310448e+00
2.153541e+00
2.344913e+00
2.325761e+00
2.323530e+00
2.301831e+00
2.467875e+00
2.487846e+00
2.168531e+00
2.138660e+00
2.116294e+00
2.391497e+00
2.194139e+00
2.200784e+00
2.145407e+00
2.187670e+00
2.185844e+00
2.167590e+00
2.153057e+00
2.104374e+00
2.098266e+00
2.142108e+00
2.143383e+00
2.210757e+00
2.431541e+00
2.331179e+00
2.130911e+00
2.162611e+00
2.173328e+00
2.356966e+00
2.245750e+00
2.125652e+00
2.135430e+00
2.261693e+00
2.229744e+00
2.255680e+00
2.255282e+00
2.568947e+00
2.375036e+00
2.333652e+00
2.322502e+00
2.350191e+00
2.319442e+00
2.468211e+00
2.698699e+00
2.650352e+00
2.654175e+00
2.574782e+00
2.638025e+00
2.547316e+00
2.632833e+00
2.598074e+00
2.598556e+00
2.512673e+00
2.508349e+00
2.495961e+00
2.224850e+00
2.208296e+00
2.248118e+00
2.287553e+00
2.279524e+00
2.025824e+00
2.018848e+00
2.024937e+00
2.054996e+00
1.948194e+00
1.804222e+00
1.803891e+00
2.346344e+00
2.041599e+00
2.029888e+00
2.103252e+00
2.163235e+00
2.208045e+00
2.190826e+00
1.779324e+00
1.645159e+00
1.753021e+00
1.760363e+00
1.880399e+00
2.206894e+00
2.288747e+00
2.275497e+00
2.458277e+00
2.483441e+00
2.612194e+00
2.852126e+00
2.778120e+00
3.030816e+00
3.038970e+00
2.997318e+00
2.943857e+00
3.132205e+00
3.259829e+00
3.253010e+00
3.247639e+00
3.213990e+00
3.182338e+00
3.223115e+00
3.322135e+00
2.790667e+00
2.825193e+00
2.849573e+00
2.810711e+00
2.780966e+00
2.697799e+00
2.729900e+00
2.743230e+00
2.662841e+00
2.580135e+00
2.559373e+00
2.402160e+00
2.106497e+00
1.976574e+00
1.958758e+00
1.811554e+00
2.063639e+00
1.961377e+00
1.733535e+00
1.759262e+00
1.544160e+00
1.681508e+00
1.679841e+00
1.731982e+00
1.668789e+00
1.820202e+00
1.820658e+00
1.856295e+00
1.947782e+00
2.286334e+00
2.330204e+00
2.239057e+00
2.227931e+00
2.188047e+00
2.203801e+00
2.188114e+00
2.248244e+00
2.263157e+00
2.269046e+00
2.369928e+00
2.355662e+00
2.576418e+00
2.566311e+00
2.584622e+00
2.501062e+00
2.481761e+00
2.427635e+00
2.396896e+00
2.123907e+00
2.220829e+00
2.304375e+00
2.286291e+00
2.409293e+00
2.428262e+00
2.522087e+00
2.460666e+00
2.370233e+00
2.092949e+00
2.124497e+00
2.158122e+00
2.385543e+00
2.106188e+00
1.990032e+00
1.961353e+00
2.135833e+00
2.143886e+00
2.123353e+00
2.102515e+00
2.085067e+00
2.053429e+00
2.107391e+00
2.125521e+00
2.126060e+00
1.963109e+00
1.947623e+00
2.152077e+00
2.197820e+00
2.199545e+00
2.554417e+00
2.905403e+00
2.901165e+00
2.868731e+00
3.157856e+00
3.151677e+00
3.162053e+00
3.041263e+00
2.951815e+00
2.949479e+00
2.943331e+00
3.437727e+00
3.405720e+00
3.533812e+00
3.214714e+00
3.234941e+00
3.259561e+00
3.341189e+00
3.376181e+00
3.371958e+00
3.581859e+00
3.590269e+00
3.562249e+00
3.567705e+00
3.568100e+00
3.417338e+00
3.505293e+00
3.451287e+00
3.458952e+00
3.398201e+00
3.324257e+00
3.340315e+00
3.061476e+00
2.758329e+00
2.797281e+00
2.720170e+00
2.319972e+00
2.315250e+00
2.436003e+00
2.405534e+00
2.424949e+00
2.484067e+00
2.452590e+00
1.974406e+00
2.062325e+00
1.880768e+00
1.875938e+00
1.961285e+00
1.947259e+00
1.959198e+00
1.760421e+00
1.910541e+00
1.679675e+00
1.871284e+00
1.824235e+00
1.904729e+00
1.815479e+00
1.891821e+00
1.805153e+00
1.820961e+00
1.819181e+00
1.646858e+00
1.646735e+00
1.645918e+00
1.591059e+00
1.633226e+00
1.652383e+00
1.685537e+00
1.736956e+00
1.776867e+00
1.552174e+00
1.542004e+00
1.624566e+00
1.599962e+00
1.651269e+00
2.026042e+00
2.028202e+00
2.011898e+00
2.017972e+00
1.852119e+00
1.863951e+00
2.074441e+00
2.136096e+00
2.031482e+00
2.071766e+00
2.182421e+00
2.184928e+00
2.162105e+00
2.161500e+00
2.083719e+00
2.089427e+00
2.072570e+00
2.130439e+00
2.127500e+00
2.131509e+00
2.136532e+00
2.147631e+00
2.064506e+00
2.013919e+00
2.213253e+00
2.520458e+00
2.504192e+00
2.554626e+00
2.539878e+00
2.433515e+00
2.696459e+00
2.667721e+00
2.275564e+00
2.185491e+00
2.281032e+00
2.303782e+00
2.357709e+00
2.516475e+00
2.358249e+00
2.287320e+00
2.234617e+00
2.268691e+00
2.018734e+00
2.017368e+00
1.959135e+00
1.958832e+00
2.073668e+00
2.070758e+00
2.088035e+00
2.048539e+00
2.092688e+00
2.493724e+00
2.473326e+00
2.601867e+00
2.733336e+00
2.744957e+00
2.584042e+00
2.325852e+00
2.323543e+00
2.210142e+00
2.278131e+00
2.278165e+00
1.977228e+00
2.028515e+00
2.027918e+00
2.077859e+00
1.993889e+00
2.000938e+00
2.041611e+00
1.879257e+00
1.848481e+00
1.846619e+00
1.847968e+00
1.887736e+00
1.904382e+00
2.126775e+00
2.271432e+00
2.287341e+00
2.183065e+00
2.181682e+00
2.157056e+00
2.165629e+00
2.264576e+00
1.859494e+00
1.859104e+00
1.699801e+00
1.607662e+00
1.611446e+00
1.694053e+00
1.599896e+00
1.706121e+00
1.902590e+00
1.840574e+00
1.840957e+00
1.838378e+00
1.881553e+00
1.953216e+00
1.992810e+00
2.008217e+00
1.987421e+00
1.893869e+00
1.882090e+00
1.763418e+00
1.763719e+00
1.764871e+00
1.699079e+00
1.651838e+00
1.430586e+00
1.277623e+00
1.399929e+00
1.475669e+00
1.478952e+00
1.481159e+00
1.458470e+00
1.314471e+00
1.390167e+00
1.403720e+00
1.445388e+00
1.394106e+00
1.427766e+00
1.447487e+00
1.460009e+00
1.542496e+00
1.351525e+00
1.577688e+00
1.584714e+00
1.661970e+00
1.573227e+00
1.558637e+00
1.658093e+00
1.632871e+00
1.615065e+00
1.622117e+00
1.614518e+00
1.662775e+00
1.686618e+00
1.698309e+00
1.751583e+00
2.028156e+00
2.124535e+00
2.193627e+00
2.139054e+00
2.117753e+00
2.141253e+00
2.276703e+00
2.268073e+00
2.310894e+00
2.437031e+00
2.443233e+00
2.399862e+00
2.404175e+00
2.394693e+00
2.302966e+00
2.313834e+00
2.307860e+00
2.297719e+00
2.176477e+00
2.274540e+00
2.201824e+00
2.191499e+00
2.134375e+00
1.954454e+00
1.955344e+00
2.102490e+00
2.152671e+00
2.157481e+00
2.108004e+00
2.100669e+00
2.207917e+00
2.171854e+00
1.986007e+00
1.995929e+00
1.983016e+00
1.897964e+00
1.830556e+00
1.800052e+00
1.738133e+00
1.838274e+00
1.804131e+00
1.853807e+00
1.850520e+00
1.869613e+00
1.871156e+00
1.829149e+00
1.763939e+00
1.737610e+00
1.636715e+00
1.713609e+00
1.749542e+00
1.664467e+00
1.663240e+00
1.661398e+00
1.689965e+00
1.722282e+00
1.724492e+00
1.625283e+00
1.726467e+00
1.722490e+00
1.762250e+00
1.803381e+00
1.768387e+00
1.699518e+00
1.586112e+00
1.476330e+00
1.419440e+00
1.498565e+00
1.503791e+00
1.527768e+00
1.431040e+00
1.330631e+00
1.365660e+00
1.341941e+00
1.325921e+00
1.339374e+00
1.363694e+00
1.359490e+00
1.384192e+00
1.707525e+00
1.666867e+00
1.591892e+00
1.519567e+00
1.902705e+00
1.911909e+00
1.897425e+00
1.930354e+00
1.929838e+00
1.925305e+00
1.968796e+00
1.810332e+00
1.812694e+00
1.786386e+00
1.780089e+00
1.694563e+00
1.727838e+00
1.720465e+00
1.756553e+00
1.772912e+00
1.691350e+00
2.180773e+00
2.269330e+00
2.300819e+00
2.297303e+00
2.496090e+00
2.269457e+00
2.400465e+00
2.367750e+00
2.396166e+00
2.396144e+00
2.356105e+00
2.032335e+00
1.980154e+00
2.081148e+00
2.007892e+00
1.666563e+00
1.657190e+00
1.675014e+00
1.656966e+00
1.620640e+00
1.661178e+00
1.592846e+00
1.655164e+00
1.684337e+00
1.923626e+00
1.883445e+00
1.918480e+00
1.983348e+00
2.009715e+00
1.975484e+00
2.018074e+00
2.037886e+00
1.546690e+00
1.442574e+00
1.527346e+00
1.527452e+00
1.442980e+00
1.520987e+00
1.387397e+00
1.436062e+00
1.394489e+00
1.398088e+00
1.568579e+00
1.634869e+00
1.625661e+00
1.567204e+00
1.591109e+00
1.642672e+00
1.680989e+00
2.042588e+00
2.086552e+00
2.083648e+00
2.144253e+00
2.214588e+00
2.167116e+00
2.137472e+00
1.926674e+00
1.927769e+00
1.987453e+00
1.893862e+00
1.941219e+00
2.041672e+00
2.103667e+00
2.138226e+00
2.137611e+00
2.152621e+00
2.049047e+00
2.063473e+00
1.917410e+00
1.850300e+00
1.853708e+00
1.817378e+00
1.803862e+00
1.843810e+00
1.659234e+00
1.600584e+00
1.896239e+00
1.869896e+00
1.948788e+00
1.838419e+00
1.813871e+00
1.433153e+00
1.347117e+00
1.345885e+00
1.245040e+00
1.173297e+00
1.199272e+00
1.202057e+00
1.218304e+00
1.211078e+00
1.124512e+00
1.352968e+00
1.496941e+00
1.394581e+00
1.327923e+00
1.273655e+00
1.277991e+00
1.258734e+00
1.256424e+00
1.289818e+00
1.297804e+00
1.302318e+00
1.369510e+00
1.365119e+00
1.384028e+00
1.351194e+00
1.355916e+00
1.364169e+00
1.147680e+00
1.128964e+00
1.123131e+00
1.119536e+00
1.168610e+00
1.167969e+00
1.168094e+00
1.168631e+00
1.169838e+00
1.206976e+00
1.169406e+00
1.305738e+00
1.251605e+00
1.363956e+00
1.364802e+00
1.153252e+00
9.842279e-01
9.890215e-01
9.699446e-01
1.008095e+00
1.032473e+00
1.189028e+00
1.203499e+00
1.330398e+00
1.401797e+00
1.386545e+00
1.324342e+00
1.345249e+00
1.348855e+00
1.344833e+00
1.461077e+00
1.560681e+00
1.483620e+00
1.498825e+00
1.418749e+00
1.421881e+00
1.968858e+00
1.969032e+00
2.073126e+00
2.310480e+00
2.519640e+00
2.519572e+00
2.515278e+00
2.429635e+00
2.436016e+00
2.328179e+00
2.496337e+00
2.476211e+00
2.784112e+00
2.921690e+00
2.889261e+00
2.856124e+00
2.935275e+00
2.869105e+00
2.977866e+00
2.811504e+00
2.728758e+00
2.743828e+00
2.847298e+00
2.986750e+00
3.003554e+00
3.309733e+00
3.387126e+00
3.280142e+00
3.349145e+00
3.410130e+00
3.423776e+00
3.428694e+00
2.837567e+00
2.989967e+00
2.967545e+00
3.012272e+00
2.962783e+00
2.968432e+00
2.990497e+00
3.045841e+00
3.131199e+00
3.121511e+00
3.129793e+00
3.148704e+00
2.820904e+00
2.679608e+00
2.820875e+00
2.855227e+00
2.744086e+00
2.652495e+00
2.565046e+00
2.564412e+00
2.569693e+00
2.588698e+00
2.514738e+00
2.356234e+00
2.406538e+00
2.347976e+00
2.224553e+00
2.222408e+00
2.202985e+00
2.226539e+00
2.207188e+00
2.232260e+00
2.226970e+00
2.099065e+00
2.017819e+00
1.752074e+00
1.597083e+00
1.539836e+00
1.953496e+00
1.931748e+00
1.872465e+00
1.920932e+00
1.849249e+00
1.848757e+00
1.867733e+00
1.912352e+00
1.897207e+00
1.897471e+00
1.897530e+00
2.114239e+00
2.073091e+00
2.123463e+00
2.159013e+00
2.122620e+00
2.082700e+00
2.073801e+00
2.030800e+00
1.815821e+00
1.773445e+00
1.769844e+00
1.776058e+00
1.707555e+00
1.695187e+00
1.797634e+00
1.859416e+00
1.850200e+00
1.857306e+00
1.841687e+00
1.871959e+00
1.946495e+00
1.624917e+00
1.555105e+00
1.536998e+00
1.489145e+00
1.374349e+00
1.467347e+00
1.538498e+00
1.570536e+00
1.627771e+00
1.587214e+00
1.678918e+00
1.463104e+00
1.458140e+00
1.439705e+00
1.461058e+00
1.774736e+00
1.979909e+00
2.090916e+00
2.125979e+00
2.117291e+00
2.110711e+00
2.172736e+00
2.169332e+00
2.154696e+00
2.218551e+00
2.375001e+00
2.359240e+00
2.352118e+00
2.408184e+00
2.563586e+00
2.588574e+00
2.514790e+00
2.599289e+00
2.707627e+00
2.761775e+00
3.009039e+00
3.017761e+00
2.937405e+00
2.903654e+00
2.987071e+00
2.878521e+00
2.878998e+00
2.790911e+00
2.851593e+00
2.859788e+00
2.823535e+00
2.979853e+00
2.754230e+00
2.563446e+00
2.729858e+00
2.936700e+00
2.905876e+00
2.878715e+00
2.819241e+00
2.814612e+00
2.823182e+00
2.869089e+00
2.726554e+00
3.005118e+00
3.069726e+00
3.096068e+00
3.031751e+00
3.210085e+00
3.206590e+00
3.188799e+00
3.085865e+00
3.018199e+00
2.828142e+00
2.855400e+00
2.893415e+00
2.832101e+00
2.756565e+00
3.029560e+00
3.125565e+00
3.123927e+00
3.151277e+00
3.154302e+00
3.152825e+00
2.925410e+00
2.857845e+00
2.849255e+00
2.572154e+00
2.326666e+00
2.404123e+00
2.489883e+00
2.725588e+00
2.675050e+00
2.675005e+00
2.784568e+00
2.677976e+00
2.397742e+00
2.350184e+00
2.259298e+00
2.174131e+00
2.109975e+00
2.594209e+00
2.723351e+00
3.401913e+00
3.469679e+00
3.428881e+00
3.409824e+00
3.345503e+00
3.346869e+00
3.263865e+00
3.040173e+00
2.943479e+00
2.960184e+00
2.868665e+00
2.863592e+00
2.904701e+00
2.942712e+00
3.070353e+00
3.110721e+00
3.115751e+00
3.070260e+00
2.992741e+00
2.913680e+00
2.680572e+00
2.821063e+00
2.871696e+00
2.660153e+00
2.620166e+00
2.559278e+00
2.559064e+00
2.559143e+00
2.595455e+00
2.538348e+00
2.557837e+00
2.247816e+00
1.705060e+00
1.645819e+00
1.638965e+00
1.734228e+00
2.040065e+00
2.014997e+00
2.120074e+00
2.349348e+00
2.383897e+00
2.582270e+00
2.827361e+00
2.871608e+00
2.900285e+00
3.152669e+00
3.321118e+00
3.297345e+00
3.677473e+00
4.221585e+00
4.220640e+00
4.573146e+00
4.562645e+00
4.631228e+00
4.729681e+00
4.732510e+00
4.849175e+00
5.003216e+00
5.114187e+00
5.142788e+00
5.261147e+00
5.150670e+00
4.963203e+00
4.978948e+00
4.851696e+00
4.876379e+00
4.866799e+00
4.761568e+00
4.447998e+00
4.447769e+00
4.338347e+00
3.988935e+00
3.954346e+00
3.772290e+00
3.530228e+00
3.482460e+00
3.490280e+00
3.212059e+00
2.930433e+00
2.911501e+00
2.525220e+00
1.983369e+00
1.988229e+00
1.721107e+00
1.753193e+00
1.545398e+00
1.711255e+00
1.723081e+00
1.660707e+00
1.508674e+00
1.802978e+00
1.912911e+00
1.751910e+00
1.948145e+00
2.090925e+00
2.192469e+00
2.308491e+00
2.518424e+00
2.544096e+00
2.560275e+00
2.664826e+00
2.748395e+00
2.767387e+00
2.759612e+00
2.768560e+00
2.733779e+00
2.754059e+00
2.998188e+00
2.919589e+00
3.151061e+00
3.162491e+00
3.193139e+00
3.313589e+00
3.316005e+00
3.313785e+00
3.222243e+00
3.379392e+00
3.546240e+00
3.283680e+00
3.270388e+00
3.218555e+00
3.243897e+00
2.845911e+00
2.707165e+00
2.713915e+00
2.530206e+00
2.068669e+00
1.951408e+00
1.808935e+00
1.585455e+00
1.559271e+00
1.536566e+00
1.560991e+00
1.489115e+00
1.491450e+00
1.493567e+00
1.739528e+00
1.838057e+00
1.839698e+00
1.603896e+00
1.874782e+00
1.801369e+00
1.753865e+00
1.730553e+00
1.844164e+00
1.903261e+00
2.029542e+00
2.064851e+00
1.907709e+00
1.781602e+00
1.791865e+00
1.788803e+00
1.784211e+00
1.803636e+00
1.818705e+00
1.820920e+00
1.815997e+00
1.808040e+00
1.823933e+00
1.826640e+00
1.827247e+00
1.862229e+00
1.891008e+00
1.902932e+00
1.920721e+00
1.942668e+00
1.932321e+00
1.936229e+00
1.688519e+00
1.593496e+00
1.687576e+00
1.794819e+00
1.561482e+00
1.390958e+00
1.524360e+00
1.675663e+00
1.518419e+00
1.519806e+00
1.546778e+00
1.581924e+00
1.551857e+00
1.509616e+00
1.463724e+00
1.527160e+00
1.606505e+00
1.560625e+00
1.514395e+00
1.515442e+00
1.515564e+00
1.504199e+00
1.496771e+00
1.537909e+00
1.584155e+00
1.566116e+00
1.602994e+00
1.626812e+00
1.479895e+00
1.486099e+00
1.540693e+00
1.603106e+00
1.656595e+00
1.665381e+00
1.627695e+00
1.760572e+00
1.814251e+00
1.851384e+00
1.739434e+00
1.578138e+00
1.501972e+00
1.538465e+00
1.411712e+00
1.346676e+00
1.376322e+00
1.416149e+00
1.542785e+00
1.578468e+00
1.502371e+00
1.532763e+00
1.558744e+00
2.010101e+00
2.016943e+00
2.077396e+00
2.104485e+00
2.069005e+00
2.014548e+00
1.973124e+00
1.907319e+00
1.892307e+00
1.909868e+00
1.899066e+00
1.981582e+00
1.957107e+00
1.912743e+00
1.901199e+00
1.880732e+00
1.643974e+00
1.568064e+00
1.544934e+00
1.526567e+00
1.569890e+00
1.615457e+00
1.519856e+00
1.492784e+00
1.530907e+00
1.501657e+00
1.470532e+00
1.313717e+00
1.240549e+00
1.248114e+00
1.423800e+00
1.651958e+00
1.349199e+00
1.364166e+00
1.369632e+00
1.387661e+00
1.565699e+00
1.566085e+00
1.970407e+00
2.235450e+00
2.293025e+00
2.323656e+00
2.295032e+00
2.201936e+00
2.183557e+00
2.167224e+00
2.187461e+00
2.135190e+00
2.151856e+00
2.223540e+00
2.269836e+00
2.291237e+00
2.247822e+00
2.329366e+00
2.375996e+00
2.539919e+00
