    -1.292932862898306e-06
     2.020822458458078e-05
    -2.299456476402540e-05
    -2.267529901938541e-05
    -1.488116655377409e-05
    -1.372191896987899e-05
    -1.404628819189050e-05
     4.734267861659865e-05
    -2.349236224647624e-05
    -4.554414377429694e-05
    -6.686449037318066e-05
     2.106528804500975e-05
    -5.663624719622844e-06
     6.220601332430225e-05
     2.773559250082771e-06
    -8.832917047129025e-06
    -3.540207850690857e-05
     3.468982835873848e-05
     3.920081980507892e-07
    -1.130417184617396e-05
    -3.127849389506639e-05
     1.342245867070155e-05
    -7.432484181038463e-06
    -1.218509226815033e-05
     1.893204027188156e-05
    -7.524229334452484e-05
     1.472849678563504e-04
    -1.628337549209685e-04
     2.763455993554452e-04
    -2.789145460534606e-04
     3.710709864921836e-04
    -4.940273556155959e-04
     4.622158725614048e-04
    -6.775448485148922e-04
     1.076643192654187e-03
     2.307499122598382e-04
     1.853765748251128e-04
    -8.596892934242332e-04
    -4.460058859279133e-04
     4.897735570222511e-05
    -5.273902918567301e-04
     5.704780989417849e-04
    -9.588025246742596e-04
     8.351576763240302e-04
    -1.593156235623584e-03
     2.424025780097246e-03
    -2.659303948783184e-03
     3.128089207179629e-03
    -3.672310646392224e-03
     4.999003763731213e-03
    -4.797365683813880e-03
     4.127134659622899e-03
    -3.548040433041493e-03
     4.339642651732977e-03
    -2.170840228669381e-03
    -3.713800868959021e-03
     5.675201510478921e-03
    -4.961838846044594e-03
     5.616834405028952e-03
    -2.877121382866476e-02
     5.556083488233677e-03
    -2.948176919952716e-02
     1.704823485220170e-01
     1.599177577315507e-01
    -1.103589112738523e-01
    -1.887216540782869e-01
    -1.291320176159154e-01
    -4.442189401398983e-03
    -1.050718722568154e-02
    -3.370988506877434e-03
     5.757190745540978e-03
    -1.457064522831401e-01
     4.795630378529504e-02
     7.701125591163890e-02
    -4.913386092124353e-02
     2.680078529860692e-02
    -2.948954734341406e-02
     2.675454378849657e-01
    -1.787434569961849e-01
    -1.669697974331355e-02
     1.976396089392454e-01
     1.920789062410517e-01
    -5.954464610330064e-02
    -4.052014793986368e-01
     1.099361752145744e-01
    -3.213051118166774e-01
    -2.836486385517725e-01
     7.958809098971570e-02
     2.020809828981913e-01
     2.327002809809862e-01
     1.322033177322631e-01
    -9.769151787407085e-02
     1.179569530974297e-01
    -1.563815769390901e-01
    -8.639921629862965e-02
     9.243703507205336e-02
     1.419813805296007e-02
     3.323369465219677e-01
    -4.486880369723755e-01
    -1.146219936214617e-01
    -1.647385339642294e-01
    -3.473579774527694e-02
     3.546601470055192e-01
    -9.992138785485183e-02
    -7.879648767217770e-02
     1.380054674869927e-01
     2.851085528153697e-01
    -7.643750865033658e-02
     3.772688259200295e-02
     9.043929752597718e-02
     2.212988842169967e-01
    -2.354587962068930e-03
    -2.707991029913158e-01
    -2.930271582770854e-01
    -1.709796642019027e-01
     1.782874967012054e-01
     1.853796177588226e-01
     2.218069816975592e-01
    -8.244796682663659e-02
     5.570162831908240e-03
    -2.069110141371279e-01
    -3.895809193747515e-02
     1.014351007084260e-01
    -7.876599900936784e-02
     1.165924684317371e-01
    -6.456755880156836e-02
     1.561076204557840e-01
    -1.557363941014913e-01
    -2.785192754147432e-01
     4.607562055256399e-02
    -4.672223329063918e-03
    -1.385430371158045e-02
     6.322251532666073e-02
     1.962418137699928e-01
    -2.165218441602565e-01
    -2.737150564615159e-01
     6.597184997858027e-02
     1.878993467104405e-01
    -1.375179991570769e-01
    -1.051136708231499e-01
     1.959624618026542e-01
     2.363603714035745e-01
    -1.161273116643073e-01
    -1.907597347843378e-01
    -2.447672199308684e-02
    -1.967131377741073e-01
     1.109160598535390e-01
    -3.175601036230183e-02
     2.805005392384749e-02
     5.672040856601621e-02
     1.944320839530769e-01
    -8.324403355926722e-02
    -2.043555615955123e-02
     1.960946605192859e-01
    -1.466895188221118e-01
    -3.326968039810607e-02
    -2.320914318339633e-01
     2.879460778446784e-01
     2.253513876634174e-01
    -1.352649810420846e-01
    -9.341337942664063e-02
    -6.075795455017197e-02
    -6.056890995301984e-03
     1.181634220012781e-01
     6.055322568526446e-02
    -1.762103036395483e-01
     2.123666130218870e-01
    -8.954124675543176e-02
    -1.520104398830390e-01
     7.289853978352429e-02
    -2.162373808723560e-02
    -5.531654946673401e-02
     5.220552075945406e-03
     2.243103792657452e-01
     3.240631188739945e-02
    -1.326903548992575e-01
     1.333257176938064e-01
    -8.295856477743231e-02
    -2.385542612733160e-03
     1.146083715141371e-01
    -1.370938173340330e-01
     1.070782826133464e-01
    -1.993078287810866e-01
     1.065420051698364e-01
     1.311650608236025e-01
    -3.620524058060007e-02
     1.226027764854172e-01
    -1.571044189587366e-01
    -5.810360570572196e-02
     9.309655049576007e-02
    -4.358454730627133e-02
    -3.161403699558232e-02
    -9.000371466005269e-02
    -7.124181257910381e-02
    -6.877237952798601e-02
     3.973146947706963e-02
     1.999827706725151e-01
    -1.325832820122531e-01
     1.175299849771245e-01
    -1.032016685128519e-01
    -4.998675318542013e-03
     4.717620122874411e-03
     2.230548602371057e-02
     1.782069287997435e-01
    -2.800811694628922e-01
     1.816308923460547e-01
    -2.562252939660749e-01
    -5.580892334965099e-02
     2.685836399977222e-01
    -9.176233844163162e-02
     1.695723677773293e-01
    -1.637527632366751e-01
    -5.880580858951934e-03
    -7.104514680615101e-02
    -3.407020060105537e-02
     4.647408889974636e-02
     4.875582422855690e-02
     2.928142316369975e-02
    -7.847140973959929e-02
     1.824576222657220e-03
    -1.478337726859935e-01
     1.380657444245555e-01
     1.089980890567007e-01
    -1.129292369195914e-01
    -1.011786608969809e-01
    -6.048375399714456e-02
    -1.002360142206840e-01
     1.010248822890458e-01
     1.309895414678389e-01
    -2.059652356006613e-02
    -6.024147106758734e-03
     1.001597564094922e-02
    -1.083125411750260e-01
    -1.380484417051121e-02
     9.866631694327987e-02
     1.034883004110141e-01
     7.745550507032503e-02
    -1.867648544133189e-01
    -1.082304462984552e-01
    -1.296669352747250e-01
     3.500277910290432e-02
     4.156009811056277e-02
     3.607187010259850e-02
     6.254074428319112e-02
     6.799715484658907e-02
     2.502582289411978e-02
    -8.510307233079031e-02
     1.742148825364114e-01
    -8.342144025152559e-02
    -4.772915192302019e-02
    -1.048654854532457e-01
     2.784197144449896e-02
     1.776309356722081e-01
    -8.909790487961772e-02
    -1.290816342100537e-02
    -9.948534007497689e-02
     1.836596511811475e-01
     2.534676956849960e-02
    -1.633398071811016e-01
     3.387123735045178e-02
    -1.616158697374609e-02
    -5.899476162769599e-02
    -1.235233144349834e-01
     9.961187259792448e-02
    -4.511164536211124e-02
     2.626253218370487e-02
     9.325249751219022e-02
    -1.334011458628909e-03
     1.018335810557090e-01
    -1.697830301894165e-02
    -1.102364215643787e-01
    -1.564993644945954e-01
     1.750208566558075e-01
     1.067964624532319e-02
    -6.006835593531512e-02
     7.015280341782282e-02
    -1.068115009057290e-01
     1.672207097993295e-02
    -3.274086025006540e-02
    -1.112877297833475e-01
    -1.806660403878269e-02
     9.114879056011244e-02
     1.319949636022897e-01
     1.856027203758139e-01
     3.381882035903680e-02
    -2.081596111781333e-01
    -9.301998092169672e-02
    -1.099879716775241e-01
     6.792543111372568e-02
     9.586614072638977e-02
     5.322877994554282e-02
     5.397410711008999e-02
    -1.489510720005145e-01
     1.916393966797603e-02
     2.927325400429405e-02
     8.431696396002936e-02
     6.336274309014309e-02
     8.828573940145668e-02
    -6.826483330981414e-02
    -5.751377235520466e-03
     6.556342834757672e-02
    -1.333225508893804e-01
     9.452524841524260e-02
     1.370986163066273e-03
     4.954355033803799e-02
    -8.386273894985385e-02
    -1.818304469977179e-01
     2.526305003790932e-02
     6.677182966303052e-02
     2.266067219972884e-01
     1.296575374147013e-04
    -3.823120930668311e-02
    -7.215659805724491e-02
     3.167133015456416e-02
     6.195672627730164e-02
    -1.004835460952710e-01
     6.806203923957693e-02
    -1.706925300885185e-01
     2.644334407882638e-02
    -2.294042349937069e-02
     6.744833823856933e-03
     1.637170942462149e-01
     2.832157111327754e-03
     3.729220252120426e-02
    -4.690252216597113e-02
     2.617651118123843e-02
    -1.821566973580829e-02
     4.756348628023596e-02
     2.275470979848043e-02
     2.057247111687137e-03
     4.095003023518140e-02
    -6.710843474379022e-02
    -1.784853771293151e-02
    -2.525360536623218e-02
     5.198027976012229e-02
     6.142509002114854e-03
     4.692992697233375e-02
     4.075362839145596e-02
     2.941851880682618e-02
     2.365270901239344e-02
    -6.426697647992592e-02
     4.317920503604572e-02
    -1.067167611213190e-01
     1.311081060323079e-01
     7.204038230524734e-03
     8.509989528137037e-02
    -3.821545425697376e-02
    -8.431150929897607e-02
     2.348902004402181e-02
    -9.241009893503395e-02
     8.897726861482888e-02
    -5.685683103423068e-02
     1.663088184638573e-01
    -6.112426258750903e-02
     9.530140953401918e-02
    -8.989143578208436e-02
    -5.154927872036036e-02
     9.713447893518162e-02
    -4.731903883515479e-03
    -1.214693145609572e-02
     1.360919370779827e-02
     4.394219227405496e-02
    -1.134068150413109e-01
     9.909630963493953e-02
    -1.352950970297652e-01
     1.970793895681727e-02
    -6.037851873089702e-02
     8.317767252216657e-02
     6.838193071635459e-02
     2.708733383072925e-03
     3.934516552026018e-02
    -2.466365929842618e-02
    -3.065142522552440e-02
     6.471446757915528e-03
    -1.098530763366437e-02
    -6.606046077889327e-02
     9.434633232518991e-02
    -4.573877921538647e-02
     3.817792241516671e-02
    -1.140668157084965e-01
     3.751926504138375e-02
     6.162582103314715e-02
     1.240452158963307e-02
     2.934523406622480e-04
     1.542353211031791e-02
    -3.263901113983303e-02
     1.565231226790334e-02
     5.853849732258294e-02
    -9.788794122050301e-02
     2.224462599237725e-02
    -1.240530157627004e-01
     5.581058979153530e-02
     2.685872141628391e-02
     5.356168217377946e-02
     5.260914794583127e-02
    -3.177590538697583e-02
    -1.444327360054336e-02
    -7.098916422229445e-02
    -1.041307917430234e-03
     9.276185829201034e-03
     7.106023760312111e-02
    -2.614029625577866e-02
     3.128641608091032e-02
    -7.761822291754075e-02
    -2.306600371132839e-02
     1.271512727646379e-02
    -6.365478859567401e-02
     6.047795446539678e-02
     5.252196524187928e-02
    -2.560441606545080e-02
    -2.391474360830446e-02
     4.289261247396053e-02
     3.764542250443091e-02
     4.919511226132434e-04
     1.819461811795423e-02
    -2.968228316998014e-02
    -1.035216670518795e-01
     1.376428218163071e-02
     5.614590318580462e-02
     4.502134901786013e-02
     2.407473541936880e-02
     4.557188124606565e-03
    -9.825720059550647e-02
     2.673194122255197e-02
    -1.699667055204638e-02
     6.247372330222078e-02
    -3.523989367894860e-02
    -4.674468631063744e-04
     3.100978139413846e-02
    -8.459760130778038e-02
     9.571137827478110e-02
    -3.656387486542617e-02
     7.122854120119444e-02
    -9.110937793908869e-02
     3.541074161461773e-02
    -1.051138923229633e-02
    -6.441574906449517e-02
     7.886548550373110e-02
    -3.071253769249907e-02
     1.022369653882453e-02
     2.596914489752210e-03
     2.873163371216819e-02
    -4.813402943427111e-02
    -7.031329142633547e-03
     1.303383269233349e-02
    -4.360167192765979e-02
     2.946584876894565e-02
     4.396161578008806e-02
    -8.987125835342056e-03
    -3.295702424136478e-02
    -1.176766382439665e-02
     1.652445553072998e-02
    -3.020551531716529e-02
     2.632595477026860e-02
     2.797581769406213e-03
    -2.881298764357326e-02
     8.307567204563912e-02
    -1.202508697358418e-02
    -4.637741198189443e-02
     4.166649845767922e-02
    -5.556903858946825e-02
     7.011006045356000e-02
    -3.268431672798804e-02
     9.468284703078783e-02
    -4.269184585705717e-02
    -8.577442848116834e-02
     7.171546819955760e-02
    -9.191154838160745e-02
     9.053807796820537e-02
    -5.695991557367308e-02
     4.602433486643742e-02
    -5.959840378949008e-02
     3.444585255512679e-02
     2.742431079973959e-02
    -4.710361540880786e-02
     2.687629122524364e-02
    -5.766062956240747e-02
     3.119994204744632e-02
     2.284161516406535e-02
     1.668156265149604e-03
     1.021770368969790e-02
     3.294182875736726e-02
    -1.688922857750206e-02
    -1.624976183908985e-02
    -4.070624169803103e-02
    -3.632178843253112e-02
    -2.291073188404991e-03
     5.231393887223657e-02
     2.380112168096132e-02
     5.030613261894340e-02
    -8.943658888330186e-02
     6.660085383926376e-03
     1.514401950281384e-02
     8.457161719056389e-03
    -5.477285322992492e-03
    -9.446603573106685e-03
     6.081955769697261e-02
    -3.192262126752912e-02
     2.903243793686164e-02
    -2.284963915038377e-02
    -1.775474771361853e-02
    -3.032123312481312e-02
     3.951301580572508e-02
    -1.490708132929654e-03
     1.614517997453183e-02
    -2.183487864380668e-02
     2.289356757822492e-02
    -5.823874524475525e-03
    -2.408756986008928e-02
     3.470433897826269e-02
    -3.315501296422324e-02
     2.506388290363143e-02
    -1.833049493917333e-02
    -6.010814406382840e-03
    -2.778252175512003e-03
     4.747542813389090e-02
    -2.279565020096568e-02
     3.871049632114329e-02
    -3.160574927056113e-02
    -2.722269546629563e-02
    -1.373875819633504e-02
     3.167984717334058e-02
    -8.173288804477596e-03
    -7.459720927421268e-03
     5.422466410735468e-02
    -7.686138769394932e-02
     6.767545579565869e-02
    -7.051090258428930e-02
     6.203379955326455e-02
    -9.318653206528552e-02
     5.778198249451885e-02
    -6.144260244986599e-03
    -2.861931905788753e-02
     1.153479555971314e-01
    -8.320200693743390e-02
     6.208403470148798e-02
    -1.058984921248667e-01
     6.685356513107485e-02
    -4.055387434108870e-02
     6.540314363869873e-02
     4.712916506234843e-03
    -1.461618116370517e-02
    -5.448695553753380e-03
    -5.409407798495330e-02
     3.867419334156633e-02
    -1.384201868700635e-02
     7.380551404598804e-02
    -4.604682922762304e-02
     4.940195909758251e-02
    -8.440885884385305e-02
    -1.328935116392707e-02
     2.727034338477263e-02
     4.220259068875842e-02
     2.082068515500479e-02
    -6.618251239972062e-03
    -6.419162239397469e-02
    -3.579675883657915e-02
     2.080260077168389e-02
     8.511829480163852e-03
     6.589038013549775e-02
    -1.328850824261471e-02
     2.973899231473520e-02
    -6.671181859015836e-02
     2.170852109842919e-02
    -6.474050500974776e-02
     3.466237949464402e-02
     4.368235627805288e-02
     2.791055991341085e-02
    -4.916610643379532e-03
    -8.310658805017945e-02
    -4.380627370655596e-03
    -1.227785545635643e-02
     9.521552295583396e-02
    -5.414327976261146e-02
     4.834971373809160e-02
    -6.204810734068428e-02
    -8.167268294213451e-03
     6.009787685662467e-02
    -5.565954878785292e-03
     5.360440435709296e-02
    -6.739155905492000e-02
     7.698658223705429e-02
    -8.542002890101780e-02
     6.355043680986222e-02
     1.452865451016910e-02
    -8.655120961962881e-02
     6.618626673670472e-02
    -9.526394464885130e-02
     3.360232412438613e-02
     9.695632005120469e-03
     5.354965497374863e-02
    -1.346298766351353e-02
     2.033782125049653e-03
     1.871323173419322e-02
    -5.323162320095298e-02
     2.257195510805526e-02
    -2.340020342404690e-02
    -2.132232542107870e-03
     3.477493899447665e-02
     1.248427205748803e-02
    -3.303889093982382e-02
    -4.879943422415838e-02
     8.765883617449399e-03
    -1.847408314036501e-02
    -8.093439965806831e-04
     8.559627682278201e-02
    -2.425238436639698e-02
     2.340918062060485e-02
    -4.988959189898345e-02
    -1.416379406431045e-02
    -8.834130140527585e-03
     2.780985935743163e-02
     2.812540522234219e-02
     5.892789311202767e-03
     2.570339311472900e-02
    -6.899948791348617e-02
     3.033873484662562e-02
    -1.057350073075580e-02
     4.503246172353992e-02
    -2.880029654179289e-02
    -9.531267588584186e-03
     8.343505047939903e-03
    -1.392525463382316e-02
     4.728413815665114e-02
    -8.181578283123631e-03
     3.671452829000002e-02
    -6.719544074156439e-02
     4.941346805904598e-02
    -9.822596640335704e-03
     4.927807332733458e-03
    -8.588663049784673e-03
    -2.740651690829302e-02
     3.877258756460680e-02
     1.508248713761480e-02
     5.170340773627213e-02
    -7.202190679930094e-02
     4.282009230713035e-02
    -4.001563524488980e-02
     2.577043395863565e-02
    -2.342198559576363e-02
     2.801314596468385e-02
     5.404011090218541e-03
     3.613937530368016e-02
     6.329080004641358e-03
    -4.926981163845950e-02
     2.214307021200634e-02
    -3.631372099110841e-02
     7.031485506474380e-02
    -2.862948259304134e-02
     1.600323447207147e-02
     2.761742309322440e-03
     7.354496759964108e-03
    -1.193042797952987e-02
     1.192404089087906e-02
    -1.310275503341435e-02
     8.449576473896797e-03
     9.831521175832664e-03
    -2.004119082079886e-02
     3.261095207222953e-02
    -1.128460136090004e-02
     8.353126325393118e-03
    -2.649165898749112e-03
    -6.651031340441871e-03
     1.300115535965433e-02
    -7.894081431326250e-03
     7.781969788580678e-03
     9.675504620925757e-03
    -1.378286046049665e-02
     2.049302887996007e-02
    -4.008587220064544e-03
    -2.227847750951066e-02
     2.009260764139897e-02
    -1.141479334229510e-02
     1.772443283722813e-02
    -4.918067708015811e-03
     1.864911061781982e-02
    -1.761846419711080e-02
    -2.074604711907102e-02
     3.083681511160857e-02
     3.148130338503953e-03
    -1.848395120886233e-02
    -3.315683339196906e-03
     4.416936991527451e-02
    -7.372821127800397e-02
     7.387186820430146e-02
    -5.100042861494777e-02
     1.609747521836651e-02
     2.026526698763639e-02
    -2.575691687191266e-02
     2.274523815075269e-02
    -2.295715945641955e-02
     4.091378149900005e-02
    -4.401281651809089e-02
     3.705707930417605e-02
    -2.965135557442064e-02
     1.117673367844993e-02
    -2.771201895814079e-02
     5.526375737041012e-02
    -2.002590554064726e-02
    -2.370242324341000e-02
     2.832203364458191e-02
    -2.388905411930647e-02
     2.942818549853735e-02
    -2.969607888819770e-02
     4.773557493048919e-03
    -4.400632263726056e-03
     8.171720020789336e-03
    -1.295001399965079e-03
     2.168286576834993e-02
    -2.679574542105484e-02
    -4.591916890498815e-03
     1.480807742555140e-02
    -9.510677427364393e-03
     2.048756819492742e-02
    -1.549758254234995e-02
     8.949415367250718e-03
    -5.250702024782533e-03
     6.311295559107893e-03
    -2.173662661082465e-02
    -2.764159366553158e-03
     2.022274266172980e-02
    -1.099342495557110e-02
     2.767740219238868e-02
    -4.302144531364176e-02
     1.052509470498211e-02
    -1.804075356766711e-02
     3.726184139493675e-02
    -3.166957919397889e-02
     3.590608662861713e-02
    -2.004969917670646e-02
    -1.632096681719541e-02
     2.467669757325969e-02
    -1.723063479936136e-02
     4.567715533744085e-02
    -6.580654666509730e-02
     5.503596965998114e-02
    -5.028320079019706e-02
     4.802382503479574e-02
    -2.013274573532491e-02
     2.724470546082142e-02
    -3.813299587787267e-02
     7.208946127724047e-03
     2.232382135975114e-02
    -3.891530925226434e-02
     5.664853009284151e-02
    -3.879083131068569e-02
     2.328093513276251e-02
    -2.851070642666603e-02
     3.916143159914612e-02
    -1.804060863067647e-02
     5.049674726107234e-04
    -8.154850200615904e-03
     1.123663670471409e-02
     3.827401601375680e-03
    -4.634049103801718e-03
     1.651873818198260e-02
    -2.135316124321085e-02
     3.286583111733715e-03
    -2.903650609043733e-03
    -5.590577943136756e-04
    -1.909237020509491e-03
    -6.074719885471175e-03
     8.632391955497767e-03
    -1.090820024636427e-02
    -9.523513342192369e-03
    -1.318046907942982e-02
    -3.606585780618607e-03
     4.206119154988142e-03
    -9.647283439846999e-04
    -4.460785201761339e-04
    -1.389468314590538e-02
     1.929330727277175e-02
    -2.221351549759099e-02
    -7.165837134735023e-04
    -1.976445473435187e-02
    -1.098771055748931e-02
     9.376635710201364e-03
     6.670990783247677e-04
    -5.592739221214504e-03
     6.458021582148032e-03
    -1.443805365179168e-02
    -1.308580468442680e-02
     1.510772988409476e-02
    -6.616866174195740e-03
     2.315600103696447e-02
    -5.722415241258987e-03
    -8.542771122951862e-03
    -6.434448454343267e-04
     6.517451854138101e-03
     8.278190971563612e-03
    -1.288460780740172e-02
     1.339267998869544e-02
    -1.490848303268685e-02
     9.710996265576078e-03
     3.671845671890106e-03
    -1.753316354820844e-04
     3.505974511172696e-04
    -1.513892917803450e-02
     8.605431140461556e-03
    -1.195622083208994e-02
     1.472409420970667e-02
     6.021997587061512e-03
     6.991262216749755e-03
    -8.022408676150228e-03
    -1.429535043409896e-02
     2.593198860715962e-03
     9.304493154380318e-03
     3.212711750552544e-03
     1.546239182179671e-02
    -2.985478226988775e-02
     1.106447790588716e-02
     2.989318686664189e-04
    -1.097602009669373e-02
     1.813848255072875e-02
    -4.443022444204039e-03
     1.659067570718532e-02
    -1.223486996177619e-02
     1.244854215779283e-03
     1.286122220100340e-02
    -1.192967577907156e-03
    -3.085562864909852e-03
     6.642632869905130e-03
     1.928244273761542e-02
     1.413357928647690e-03
     6.302522692961526e-04
    -2.664963226358277e-02
    -2.425855771239327e-03
     1.049450000746630e-02
    -1.481017498124421e-02
     5.332901690392994e-02
    -1.172056477988306e-02
    -1.287898708716456e-03
    -1.645493339174273e-02
    -1.361963704541632e-02
     6.652840523767741e-03
     4.678404834387316e-02
     4.225315376504002e-04
    -8.700209530770575e-03
    -1.077173763071324e-02
     8.040111937930722e-03
    -6.765979855167405e-03
    -1.188910452252032e-02
     2.781205639673512e-02
    -1.252059926914267e-02
     1.119157689796929e-02
    -2.251294529575421e-02
     3.033755412819383e-02
    -1.040174499028200e-02
     4.311438947010027e-02
    -3.033807247125025e-02
    -6.948314787183829e-03
     1.059980805086780e-02
    -1.226420519891044e-02
    -5.800390580711148e-03
     3.493327959336878e-03
     2.045565356713164e-02
    -2.065086494854051e-02
     3.021279346162140e-02
    -3.039838158018901e-02
    -4.787102331873155e-03
     4.808535116400947e-04
     1.682493569557152e-02
    -9.542276376766912e-03
     1.951842735495962e-02
    -1.867510644238957e-03
    -2.620186660935148e-02
     1.963771418683685e-02
    -2.175899958704264e-02
     1.305758046503029e-02
     4.888658031006562e-03
     4.675789839117039e-03
    -5.593488855160325e-03
     6.230576523528548e-03
    -1.143345260125465e-02
    -4.578830116738403e-03
     1.575498457163074e-02
    -1.164565051704106e-02
     9.460047981652092e-03
     1.148783287237221e-03
     3.177243812700202e-03
     6.283670190727619e-04
    -1.988182889285817e-03
    -2.474147468569424e-02
     9.636177927663097e-03
     3.980722852275004e-02
    -1.760146507882943e-02
     9.141603595423764e-03
    -1.659961916359165e-02
     2.555221072714259e-02
    -1.979882263538568e-03
     2.916983088936853e-02
    -8.483518453404948e-03
    -3.013300102600563e-02
     1.178776745489166e-02
    -3.434756167872413e-02
     4.434170345922284e-02
    -3.419706165502408e-02
     4.860782638620217e-02
    -3.892798180843762e-02
     3.906601492409364e-02
    -2.267072561400610e-02
    -8.724973116135466e-03
     1.417980628358406e-03
    -2.124595748560382e-02
     4.112122032812784e-02
    -3.363910545331902e-02
     3.142097939609065e-02
    -4.863029721339965e-02
     1.860430877388133e-02
    -6.141843343428399e-02
     3.441733588648405e-02
     3.867753426247789e-03
     2.166073832797261e-02
    -4.666906435930457e-03
    -9.443459397619564e-03
    -1.924985237017044e-02
     4.427958501577706e-03
     3.919062191155841e-02
    -9.515791238217580e-03
     3.381459760173448e-02
    -2.559411582089827e-02
     2.059203605340872e-02
    -3.050013167398066e-02
     3.314009452966177e-02
    -4.634215617120219e-02
     2.462870127689920e-02
    -9.869819062698321e-03
     1.325388132867201e-02
     1.092194160926141e-02
    -3.890792347357386e-02
     1.856844240827206e-02
    -3.130429060961934e-02
     3.569501900413807e-02
    -3.011870192386928e-02
     3.068018754672522e-02
    -2.862368264331072e-02
     5.269127039797872e-03
     9.002614173462237e-03
    -8.861815390631238e-03
     2.490712009164964e-02
     1.320900267830233e-02
    -4.642787325287362e-03
    -1.974423925409102e-02
     2.939723440342420e-02
    -1.563602899300993e-02
     3.695267604102939e-02
    -1.777876353373228e-02
     8.183238378325804e-03
    -1.895806813034655e-02
     7.669919880276432e-03
    -9.402833796938792e-03
    -2.292811667550188e-03
     1.064025390366519e-02
    -3.705625099624218e-02
     4.000041504015592e-02
    -1.292515349553253e-02
     1.971749068931034e-02
    -2.054988133285562e-02
     1.470527311591552e-02
    -1.234999164023809e-02
     2.756811319258134e-02
     2.386840904818832e-03
    -3.354042228894405e-03
     1.682825677763614e-02
    -2.240277736161472e-02
     4.038048861864346e-03
    -1.489002505541479e-02
     2.076448423975714e-02
    -2.898268503069204e-02
     1.731422416212587e-02
    -3.246380199561862e-02
     1.559094040896265e-02
    -1.403185087121914e-02
     2.365849102508180e-02
     1.443401957040984e-02
    -3.599735588535824e-03
     5.179860043774701e-03
    -1.970385568987836e-02
     2.992768166480960e-02
    -2.442479573050765e-02
     2.786205721271356e-02
    -3.619037287045002e-02
     2.725947613307095e-02
    -2.932850321630748e-02
     2.184352012299356e-02
    -5.137488204770196e-03
     4.543775518856541e-03
    -1.565792159617219e-03
    -2.212655928045093e-02
     2.504023404376191e-02
    -2.834408931652736e-02
     4.715601324314737e-02
    -3.571071903727870e-02
     3.549887896205201e-02
    -3.759854954620041e-02
     1.618309229960077e-02
    -1.674888088864239e-02
     2.251080004692202e-02
     2.396174677270713e-03
    -1.217671082858418e-02
     2.449326441620764e-02
    -3.335372118650915e-02
     3.378641992109982e-02
    -4.743878619172123e-02
     4.153502832556442e-02
    -2.824079348240329e-02
     2.836213368927135e-02
    -1.216294182172487e-02
     8.593833073817281e-03
    -5.705572725711427e-03
    -2.470511557081720e-02
     1.429081978671426e-02
    -1.566316311854052e-02
     2.508739109253710e-02
    -1.154315564851084e-02
     1.393889934844383e-02
    -5.086537674314939e-03
     1.066082217312098e-02
    -1.540250011592709e-02
     7.457176116653252e-03
    -2.174792786919322e-02
     1.906586125992471e-02
    -7.216755512078621e-03
     1.711786461057450e-02
    -1.002606355485058e-02
    -2.669065434114389e-03
    -9.947988843609534e-03
     2.078427689919157e-03
     1.818455243540498e-02
    -1.511659651049022e-02
     2.795665300587812e-02
    -3.040020329629778e-02
     2.191850707652030e-02
    -3.493851676816934e-02
     2.371148455131118e-02
    -6.472429123891940e-03
     1.828463219728477e-02
    -9.669498857079836e-03
    -5.341926261526186e-03
     4.017004059627710e-03
    -1.337955854299516e-02
     8.954781803403214e-03
    -1.117815867120558e-02
     2.491918234654555e-02
    -1.948461468817957e-02
     3.121797359978480e-02
    -3.111382570165194e-02
     1.049917385691034e-02
    -1.367097083385220e-02
     4.804430074564908e-03
    -1.719667702720085e-04
     8.449782111769999e-03
     1.382175763936822e-02
    -8.105410258330732e-03
     2.113429109876350e-02
    -3.720966321645652e-02
     3.212486740710789e-02
    -2.834335787722715e-02
     2.509393675773684e-02
    -1.046527675740561e-02
    -8.625385511082662e-03
    -2.398131650870938e-03
    -4.434037098730470e-03
     1.899958661824151e-02
    -1.429015225485754e-02
     1.645408619005020e-02
    -2.983830398380416e-02
     1.932762458595830e-02
    -4.687496181414286e-03
     7.599624422226847e-03
     1.033082320114264e-02
     1.367387041404738e-03
    -3.506709997008985e-03
    -6.077464487503348e-03
    -1.730314378886488e-03
     1.957722784131133e-02
    -3.432765429288942e-03
     9.003866384909631e-03
    -3.038826518572957e-03
    -1.520492429994269e-02
    -3.653649432569017e-03
     9.649303030837469e-03
     7.802349820052318e-04
     3.986369943578816e-04
    -3.613075007584371e-03
    -7.877171891666895e-03
     7.313198664783103e-03
    -9.884140499369504e-03
     2.520582652858427e-03
    -2.145917762792604e-03
     7.460419966426268e-03
    -1.368219917652769e-02
     2.252423280739586e-02
    -2.443872622125356e-02
     2.687023918338163e-02
    -1.495080669753526e-02
     1.316649649540640e-02
    -4.317458633767868e-03
     1.859226606198711e-02
    -7.338759192477728e-03
    -1.360808971193558e-02
     8.632492391584895e-03
    -2.733652330330710e-02
     4.309884543156828e-02
    -2.686047949720517e-02
     3.803570142092123e-02
    -3.441095764981431e-02
     2.396128587956257e-03
    -1.100965940421372e-02
     1.906458069354965e-02
    -2.833711375362258e-03
    -1.334537685705273e-02
     1.613694688717669e-02
    -3.713850685348888e-02
     2.964341824191613e-02
    -1.232842612833332e-02
     1.776460203539232e-02
    -3.308523016761156e-03
     6.973906636030369e-03
    -1.492530175246642e-02
     4.432933451073429e-03
    -1.979500193914019e-03
    -1.362156203047540e-03
     2.396118899017907e-02
    -1.153291762488744e-02
     1.258002027962049e-02
    -1.117740720463517e-02
    -4.778265700288317e-03
    -1.074795274482454e-04
     7.089224835842012e-04
    -6.283093858947042e-03
     2.310192078490725e-02
    -1.667373047755966e-02
     1.034414721485995e-02
    -1.340671210675144e-02
    -7.594870699361711e-04
     5.699829012797808e-03
     1.427657741264707e-02
     3.924636951105061e-03
     4.054751872940243e-03
    -4.331709848090004e-03
    -1.658167982669487e-02
     3.432948420236549e-02
    -2.331898725354913e-02
     9.460735809337852e-03
    -7.193194779788081e-03
     9.971233122531287e-04
     1.253944368114936e-02
     2.970857016105256e-02
    -2.183534820914744e-02
     1.921802069628299e-02
    -2.913811915748560e-02
     2.053967953267155e-02
    -2.938241745106818e-03
    -2.890414699586508e-03
     2.224927562283634e-03
    -4.340772224841499e-03
     2.012786621691659e-02
    -2.285500198664096e-02
     2.136289993319854e-02
    -4.622593444725157e-02
     3.944249492670909e-02
    -4.063457293537302e-02
     2.474581430704154e-02
    -5.520872147802294e-03
    -1.777232634358548e-03
    -6.991940424975612e-04
    -1.024126250983712e-02
     2.015960321792962e-02
    -2.253874538563585e-02
     3.596932983720379e-02
    -2.582365208835212e-02
     2.341225324157728e-02
    -1.741816833035004e-02
     1.126662243600797e-02
    -1.631002122328362e-03
    -2.186354078393959e-03
     3.917586866957146e-03
    -2.100476858586622e-03
     7.808182266938746e-03
    -8.454415401515258e-03
     1.170509286039537e-02
    -2.629100542277905e-02
     1.698955056810822e-02
    -1.758484919263087e-02
     1.787030290500573e-02
    -1.249500675036402e-03
    -6.170504476467019e-03
     3.285649585009209e-04
    -1.383144221693672e-02
     1.851140723325900e-02
    -8.513448759069439e-03
     1.534025102859524e-02
    -9.008926176646614e-03
     8.975343164651803e-03
    -1.476012587687814e-02
     1.241747161099052e-02
     4.223263553385481e-03
    -7.212244163145157e-03
     1.025757103559055e-02
    -2.197546670923617e-02
     1.636773096608009e-02
    -2.072697589497252e-02
     2.213864636585589e-02
    -1.818974057919276e-02
     1.418605665342608e-02
    -1.744012635766630e-02
     1.356433455567044e-02
    -9.402906282522272e-03
    -5.649074578492064e-04
     1.553946469919720e-02
    -1.510915801392987e-02
     1.750173141526254e-02
    -3.264457117976932e-02
     3.230657344734490e-02
    -2.763025899495491e-02
     4.226576972089136e-02
    -4.651203418481858e-02
     4.204136708558159e-02
    -3.947464302193712e-02
     2.121085698472536e-02
    -1.169508778328243e-02
     3.027075486103925e-04
     1.526313750287394e-02
    -3.479519236160855e-02
     3.265862520676832e-02
    -3.571642669454397e-02
     4.262718918392834e-02
    -4.575648778430380e-02
     5.115891150381174e-02
    -5.029708162994689e-02
     3.819404473963792e-02
    -2.097769233664420e-02
     1.417652834965119e-02
    -6.753776142149698e-03
    -5.095500190855640e-04
     5.807215715790792e-03
    -1.547731254764903e-02
     2.486732030877210e-02
    -2.685159331430984e-02
     2.480484755387416e-02
    -2.951375330096964e-02
     3.582864542422601e-02
    -2.962734767532793e-02
     2.141191560062128e-02
    -1.580882562218845e-02
     1.425608257056027e-02
    -1.505497361140901e-02
     5.895521666791789e-03
     7.982985245450262e-03
    -1.356338551088698e-02
     2.073634369086863e-03
    -1.083635503893951e-02
     1.783043689140017e-02
    -1.181515688471881e-02
     8.336472779429727e-03
    -5.939103156397313e-03
     1.031154790280306e-03
    -4.961795066192015e-03
     5.886479008734125e-03
     3.462648114185361e-03
     9.562394587643422e-03
    -1.509094119584786e-02
     4.469773525576037e-03
    -2.212938833286909e-03
     8.617485132978164e-03
    -6.277909919619185e-03
     1.352374174459482e-02
    -1.587726641552793e-02
     6.845705017465023e-03
    -2.524487000090579e-03
     1.046431740287736e-02
    -2.262866977426281e-03
    -8.093090888867893e-03
     5.649910658808675e-03
    -2.289014493975000e-02
     1.408624428721900e-02
    -1.070925883682449e-02
     1.501918034091532e-02
    -1.448108211672783e-02
     7.475127310426877e-03
    -1.451107797694107e-02
     2.483504462364264e-02
    -1.578376259328305e-02
     4.904889481949115e-03
     3.684055665802141e-03
    -4.122837424002102e-03
     8.706328307444368e-03
    -1.437564601490615e-02
     9.654560825813951e-03
    -2.991269952339809e-03
     5.582925436956265e-03
     9.186324279779889e-04
     2.200117274552382e-03
    -6.579661461001862e-03
     1.093879953512733e-02
    -1.034964223204635e-02
     1.248047459929288e-02
    -1.974937333148963e-03
    -5.880316352559339e-03
     1.103868674268507e-02
    -1.238506941521691e-02
    -7.343614665467971e-03
     7.323600593293863e-03
     1.972573953018586e-03
     6.122615111219809e-03
    -1.291760755239818e-02
    -7.856693267743797e-03
    -1.245141780012865e-03
     2.614615108239549e-02
    -6.570093749646011e-03
    -1.892883587007455e-03
    -2.964477249566277e-04
    -2.561078892830318e-03
     6.059516664713438e-03
    -4.162072874815653e-03
     1.964087365827490e-02
    -1.813248381864124e-02
     2.407148559795204e-02
    -2.844053038535010e-02
     1.323512687618873e-02
    -9.796943853158491e-03
     1.974900785495609e-02
    -1.908638792117230e-03
    -7.095683744244310e-03
    -2.333632223237903e-03
    -9.238446405460399e-03
     1.866278686114525e-02
    -1.958273668174446e-02
     3.030238416509476e-02
    -3.931727771595117e-02
     2.785730741176343e-02
    -2.521832032459840e-02
     2.785607367896198e-02
    -1.989181989714867e-02
     1.237324844908358e-02
     6.605341434403361e-03
    -2.083353819053918e-02
     1.818284785581596e-02
    -1.344032690682218e-02
     2.306942791496364e-02
    -1.710634567466647e-02
     1.066877806027230e-02
    -1.819649092470044e-02
     2.472947814113098e-02
    -2.982600774785099e-02
     3.168178661474558e-02
    -2.323664974957432e-02
     8.864633944304062e-03
    -3.365263300697668e-03
     3.711438082899199e-03
     8.832876658400768e-03
    -1.614896123478667e-02
     1.938947249435595e-02
    -2.983965893498226e-02
     3.408972470856467e-02
    -3.019958667991929e-02
     1.850925303370884e-02
    -1.534486297131843e-02
     1.389301100891813e-02
    -6.560696093605656e-03
     1.575881666517659e-02
    -1.032922761739738e-02
    -6.994329455691277e-03
    -4.274526502238835e-03
     3.280106080042394e-03
     8.373490069825962e-04
    -1.310083552853356e-02
     2.311849304273628e-02
    -1.870835276113901e-02
     1.179725586402003e-02
    -1.092718584134372e-02
     2.021688190204848e-02
    -1.069637916282210e-02
     8.228752178761442e-03
    -1.262457999410764e-02
     2.152750630009320e-02
    -2.746482883804485e-02
     2.592764550907128e-02
    -6.136991719135690e-03
    -1.380371681192205e-03
    -4.271765963680479e-03
     8.487256196017201e-03
     2.079091899114899e-03
    -6.177534298831666e-03
     4.331528908199267e-03
    -3.670186088043743e-02
     3.411233231587738e-02
    -2.145515817321286e-02
     3.518147734077370e-02
    -2.672287042196106e-02
     1.837593881615192e-02
    -1.683951057921440e-02
     1.948324510111850e-02
    -2.877808927481945e-02
     5.877263055021203e-03
    -1.987814506116539e-02
    -4.097921464112642e-04
    -3.832518270266622e-03
    -5.421276723967791e-03
     2.654202256855254e-02
    -1.735506064880210e-02
     2.182756883576305e-02
    -1.817170499224392e-02
     2.845463213978250e-02
    -3.157661914252366e-02
     2.710452214303248e-02
    -1.135939670616283e-02
     1.945646484206043e-02
    -1.923833662122300e-02
     1.804727889877778e-02
    -1.558416461101027e-02
     9.299985856472376e-03
    -1.562403311396304e-02
     1.634672505151651e-02
     4.430173034630183e-03
     4.217691681510649e-03
     2.111825502809690e-02
    -2.364362043650131e-02
     1.282123908265355e-02
    -3.111473440954934e-02
     2.672746132967888e-02
    -1.986333320844538e-02
     1.776947519624314e-02
    -3.323791765285996e-02
     3.726206975291223e-02
    -1.046116479851933e-02
     2.116329790597782e-03
     2.573456104616262e-03
    -6.320322134145809e-03
     1.131263327782955e-02
    -8.154207958929141e-03
     8.367122657763335e-03
    -3.875202211264236e-03
     2.034085072403155e-02
    -1.932710883782254e-02
     1.695603021570263e-03
    -1.670752937694547e-02
     1.374529968943905e-02
    -3.997022758763680e-03
     4.977439559366914e-03
    -1.844192671741457e-02
     1.193678647363125e-02
     1.483009750483821e-03
    -7.433823834953918e-03
     1.658716492545784e-02
    -1.955829324733327e-02
     2.232963892715184e-02
    -9.620641836383170e-03
     4.873171516588948e-03
    -6.787201781249960e-03
     9.350975735454570e-03
    -1.278709441546040e-02
     7.178589228183825e-03
    -9.109976213674625e-03
     1.733428431025402e-02
    -1.703704096084386e-02
     9.246142328155516e-03
     1.312581139628427e-02
    -2.089913431768262e-02
     2.184020989777180e-02
    -2.521578837318814e-02
     2.138848730161380e-02
    -3.494652418033745e-02
     2.705398416036459e-02
    -1.264723824572506e-02
     1.611641331928002e-02
    -9.102906020430748e-03
     1.609892699596341e-02
    -1.006037052946271e-02
    -2.747790729679511e-03
     1.585275427018037e-02
    -9.882218547803745e-03
    -3.088792283375497e-03
    -7.539214960614160e-03
     1.984668963831686e-02
    -2.763096999393938e-02
     2.587801607036697e-02
    -2.480657425396691e-02
     2.429609297605445e-02
    -2.699560199340138e-02
     1.812673142839759e-02
    -1.018330506339560e-02
     1.754754691473398e-02
    -5.572642840262321e-03
    -2.010158363914407e-02
    -5.700561703892298e-04
     4.792031840163968e-04
    -2.012945425767132e-03
     1.868703986050629e-03
     2.902810955068549e-02
    -2.569464449660418e-02
     1.303568131691168e-02
    -3.941683288649916e-02
     2.605749501430565e-02
    -2.824824737167146e-02
     2.729582566099450e-02
    -1.866951292489630e-02
    -8.442847591014213e-04
     3.475879278221988e-03
     1.416556985948556e-02
     9.754735276352622e-03
    -2.588844716304889e-02
     1.468558770802011e-02
    -1.244723915824676e-03
     1.466716143994073e-04
    -2.429805999083820e-02
     3.942710557266343e-02
    -4.253096085745971e-02
     2.413081660725901e-02
    -2.294685016018329e-02
     9.557978554844970e-03
    -1.422184604085440e-02
     5.534274453933508e-03
    -2.502871735544452e-03
    -1.389223602192360e-03
     2.463745735857993e-02
    -3.755316038925238e-02
     3.676768977205896e-02
    -4.058548875460906e-02
     4.469168385206851e-02
    -2.543754169765829e-02
     3.149015239125810e-02
    -3.164958590356212e-02
     1.411252834848137e-02
    -3.814061838442961e-03
    -1.136294302874512e-02
     3.221426633729241e-02
    -3.448568995543233e-02
     2.886485680344475e-02
    -5.137993493317719e-02
     4.398291336538401e-02
    -4.721537910988617e-02
     4.389288037708206e-02
    -3.868371722876673e-02
     2.761644221155370e-02
    -9.400069596428959e-03
     2.102743582396910e-02
     8.460984513072943e-03
    -9.874935327913781e-03
     1.710668800339576e-02
    -4.467464679187655e-02
     3.736872818488118e-02
    -4.735023025597776e-02
     5.027689743364854e-02
    -3.515650549498547e-02
     4.838438682308055e-02
    -3.533388308538436e-02
     2.229672604640047e-02
    -2.149244336429335e-02
     4.473820059050213e-03
    -8.462768994655090e-04
    -1.204862868997927e-02
     7.348781075195668e-03
    -1.824083622148920e-02
     2.655266866031744e-02
    -2.161677939146410e-02
     2.606001448835192e-02
    -3.880737527873734e-02
     3.649016967327789e-02
    -2.624249212887242e-02
     3.316418012246664e-02
    -2.022689839755348e-02
     1.647217791956745e-02
    -5.584619643730637e-03
     3.049197528765063e-03
     1.096851608789538e-02
    -2.634464803898029e-02
     1.593921829844844e-02
    -2.612001047554852e-02
     2.892379361803710e-02
    -3.665477037663316e-02
     2.869307925327920e-02
    -2.058583427183536e-02
     2.230755840959042e-02
    -1.096301322161380e-02
     1.295499885816265e-02
    -4.594602020393246e-03
    -1.445782338903358e-02
     1.685567684184208e-03
    -7.463554143247453e-03
     1.774737468036997e-02
    -1.262753738100009e-02
     2.529584796919682e-02
    -1.949087171258571e-02
     3.026079265081406e-02
    -1.342312320130151e-02
     1.933922239024799e-02
    -2.141924660664529e-02
     1.835680541980667e-02
    -1.233006323142244e-02
    -8.607813704988726e-04
    -1.468019140160567e-02
     4.410020094825745e-03
     1.541156104536978e-04
    -1.518048264624980e-02
     4.721602603596470e-03
     1.050058883968183e-02
    -1.280812147462368e-03
    -1.000543955774127e-02
     1.439928247732263e-02
    -1.252305079542657e-02
     6.008775668906563e-03
    -2.571608574313652e-02
     3.645020945593343e-02
    -2.778193570927395e-02
     3.617226633441914e-02
    -2.733846483625915e-02
     2.282473484502284e-02
    -2.120092044852590e-02
     1.925290817969993e-03
    -5.803251669025747e-03
     1.404177271412027e-02
     1.073647266589949e-03
    -5.494922279364323e-03
     1.697388486319676e-02
     2.728714627514388e-04
     2.619028740981344e-02
    -2.288918174494342e-02
     3.781348115497973e-02
    -4.257606462513125e-02
     3.481198110203049e-02
    -3.921144913567456e-02
     1.719189537502447e-02
    -1.998648043122167e-02
     7.391594537663748e-03
     2.653818244187395e-03
    -1.005241357167974e-02
     1.177655490439829e-02
    -7.289847391869220e-04
     9.558314121698830e-03
    -1.133704415312976e-02
     7.644200008172022e-03
    -1.742947549342600e-02
     1.726368842098976e-02
    -7.803556727640215e-03
     1.744069773374315e-02
    -8.390593440098820e-03
     4.653962155217614e-03
     4.928587530978523e-03
    -1.954261971002137e-02
     2.569184717611417e-03
    -1.231608081612903e-02
     2.874739470418081e-03
     9.210404361192713e-03
     5.169056418770995e-03
    -1.051672528772657e-02
     7.870623477215732e-03
     7.186233223513527e-03
     1.230799730300081e-02
     5.150893652678012e-03
    -1.564861859085868e-02
     1.295947031441480e-02
    -3.401360821107390e-02
     2.277467761904745e-02
    -3.870515851010653e-02
     2.494552196937197e-02
    -1.011965924040586e-02
     8.074582200320868e-03
     1.035691345868853e-03
    -3.765498664393796e-03
     1.084837795344495e-02
    -8.805423981274915e-03
     1.732931135509788e-02
    -2.445692804254906e-02
     1.534192120289629e-02
    -1.958325634856159e-02
     2.029790235651813e-02
    -3.006631682452308e-02
     2.139350761456021e-02
    -4.379028165957217e-03
    -4.876040393257480e-03
     1.602229548132161e-03
    -1.801601920853124e-02
    -3.960511937414923e-03
     2.047402983904711e-03
     1.724796169703624e-02
    -2.973819420846124e-03
    -3.970843229377352e-03
     8.126215468268430e-03
    -9.081352674394916e-03
    -5.930240602377707e-03
     1.173323580796973e-02
    -4.732016083744628e-03
    -2.085778607337482e-02
     7.936319845130435e-04
    -1.222745216383603e-02
     1.294178507127097e-03
    -1.814349073318278e-02
     2.024126118552181e-02
    -2.950744676331902e-03
    -9.250083203844017e-03
     9.120820053737599e-03
    -1.136325141699104e-02
     7.410654733694400e-04
    -1.217695740926390e-02
     1.954080243130352e-02
    -2.961167445270052e-02
     3.090074612854521e-02
    -3.528779418584717e-02
     3.079413282867005e-02
    -1.071634275690708e-02
    -4.684321101357518e-03
    -6.816443053665383e-03
     2.573119598795234e-03
     1.139884907762340e-02
    -1.094662923679079e-02
     1.378475861193793e-02
    -9.548356117607289e-03
     4.525119303364161e-03
    -1.308056164121785e-02
     1.182763853110147e-02
    -4.732620339179094e-03
     1.792277102555382e-02
    -1.649328844677114e-02
     1.637183998101641e-02
    -2.138508582029305e-02
     1.323627446901862e-02
     7.391917007472659e-04
     5.510207447771337e-03
     3.001388611083150e-04
    -3.689041612038230e-03
     1.143955722172234e-03
     3.671020067524650e-03
    -5.742374810391178e-03
     2.848206218292071e-03
     1.161300477837780e-03
    -1.150548153231723e-02
     1.461919355050658e-02
    -1.675570891676526e-02
     2.037355429941114e-02
    -1.088977211898573e-02
    -2.124547438048657e-04
     1.195786110816537e-03
    -5.807001779041601e-03
    -5.958732868313115e-03
     1.392565622614884e-02
    -2.830640281047736e-03
     1.065707089293014e-02
    -9.594667976989268e-03
     7.303407822916080e-03
     1.205440878183946e-02
    -2.195283004782161e-02
     2.487857183035196e-02
    -1.589715854071121e-02
     4.197348793755745e-03
    -5.897930846016808e-03
     4.275500639176838e-03
    -1.535013177164340e-03
    -1.755037916110586e-02
     7.599803397885053e-03
     6.827517518037340e-03
    -8.878999321035946e-03
    -5.731989084618028e-03
    -4.178857368247940e-03
     2.049367184799145e-03
     5.614382782888699e-03
    -1.070191849413427e-02
     5.725985086661126e-03
    -6.890542086541662e-03
     9.271959536795261e-03
     3.237282062660649e-03
     1.167983826815821e-02
    -1.612131070474497e-02
     1.258486254531266e-02
    -6.722147584230884e-03
     7.702797920254439e-03
    -5.271335305304756e-03
     2.929842659636639e-03
     9.292221867796130e-04
    -6.115178799729976e-03
    -2.366746556410615e-03
    -1.037567124609517e-02
     2.022461032999526e-02
    -1.999207260960012e-02
     1.423172341520718e-02
    -9.301555515650817e-03
     2.078699330983619e-02
    -5.869698210443856e-03
     3.552631356922992e-03
    -2.887502480244108e-03
     9.385336948632934e-03
    -4.617825011575080e-03
    -5.487197853462522e-03
    -1.012159577874799e-02
     3.770099963603529e-03
     6.804879703262989e-03
    -3.575618450192108e-03
     2.332115921698661e-03
    -2.333283046652451e-03
     4.706313081839275e-03
    -7.349145825897740e-03
     2.100183995804651e-02
    -1.520205416697551e-02
     1.008950873707320e-02
     5.512787130494023e-03
     6.094283876370697e-03
     1.468385079438240e-03
    -7.530918151313237e-03
     6.851425323454147e-03
    -4.390144342453217e-03
    -9.101528782676505e-04
    -1.003108514934112e-02
    -9.278543959180430e-03
     1.786730643808088e-02
    -1.570194460335078e-02
     1.529551254182521e-02
    -1.057705416554658e-02
     1.321489226144307e-02
    -7.351040640918360e-03
     2.045576807695865e-02
    -1.320791747301008e-02
     1.253950559571215e-02
     5.493939443100754e-03
    -2.371747424620199e-02
     1.490449606186173e-02
    -2.258912675166155e-02
     2.556978143121874e-02
    -2.631635517022191e-02
     1.493181311564982e-02
    -2.431611375427631e-02
     1.899277473831343e-02
    -1.570921109148521e-02
     2.220994301356658e-02
    -2.648970792893918e-02
     1.517956860469749e-02
    -2.032384547223068e-02
     1.844544008764482e-02
     1.160949955658677e-02
    -1.570391091836273e-02
     1.532037263975350e-02
    -4.510144550327690e-02
     4.683458328963652e-02
    -2.934228228337972e-02
     4.122595164460355e-02
    -5.065251589136988e-02
     3.602088624624677e-02
    -1.670630371794168e-02
     3.173630740946370e-03
     6.419909441229305e-03
    -9.212635265434366e-03
     1.315635110433986e-02
    -6.461541113762459e-03
     1.881042452376094e-03
    -1.273523798308916e-02
     1.750114980521766e-02
    -1.959734544249966e-02
     5.423733066290098e-03
    -1.093614010864244e-02
     1.578659917792813e-02
    -4.428508517392182e-03
     3.028854974976028e-03
    -2.448946655275536e-02
     3.706678787711915e-03
    -5.498511430253067e-03
     6.080824829770154e-03
    -1.496290156294905e-03
     5.707370447397350e-03
    -9.177762694410063e-03
    -1.011513167188827e-02
     9.457907209937111e-04
     2.391452086914159e-03
    -6.867292302116704e-03
    -3.888324274435057e-03
     4.200168352957501e-03
     1.288273035126260e-02
    -1.006103875910844e-02
    -1.171179136393988e-02
     2.337760744065442e-03
    -1.504873016876407e-03
     6.082007103994619e-03
    -3.060449692554534e-03
     1.921336727556096e-02
    -2.179676167571054e-02
     2.863110970696828e-02
    -2.483710513234385e-02
     1.346787464848627e-02
    -6.759587574553361e-03
     3.346239669813761e-03
    -2.195983831902691e-03
    -4.624371691710108e-03
     5.178677323509545e-03
    -9.198325267169599e-03
     2.098875032195905e-02
    -2.060772570926178e-02
     2.636779543592824e-02
    -5.892941050227307e-03
     6.285696220838355e-03
    -6.836022411590148e-03
     1.081588207560900e-02
    -1.135979401877915e-02
     4.855033508461448e-03
    -4.707580495255603e-03
     2.337898885730466e-03
    -1.038927399198392e-02
     1.150817322671936e-03
     9.082574497685403e-03
    -2.543884613584789e-02
     2.109144035234947e-02
    -9.326480473351093e-03
     1.692743912045408e-03
    -1.135011443573875e-02
     5.954931636090356e-03
    -4.102117762102397e-03
     2.168889420424827e-03
     5.039152145397546e-04
     5.463257015046796e-03
    -8.344761808375303e-03
     6.485478799712861e-04
    -1.287460279263863e-03
    -4.436267871535893e-03
     7.207999820567947e-04
     5.473362128875475e-03
    -9.144886478447065e-03
     6.594293371821325e-04
    -1.239263207588756e-03
    -1.712250449321939e-03
     3.171316499832710e-03
     4.881838997559923e-03
     7.838404185839937e-03
    -1.261940029571029e-04
    -2.284736907907675e-03
    -1.218070729410213e-02
     1.289278003226518e-02
    -2.206378253756806e-02
     1.424909903855670e-02
    -9.780712430086436e-03
    -1.112872629316248e-03
     8.246585960172692e-04
    -1.245767072885504e-02
     6.518750863379552e-03
     1.720875483859120e-02
    -1.550452517036405e-02
     1.294981665857592e-03
    -1.972363596036555e-02
     3.811014026376403e-03
     1.690142399743785e-03
     2.668382010279580e-03
     3.278247743175783e-03
    -4.762457659359162e-03
    -1.411355974270522e-02
    -1.188221820947459e-02
     4.611733651531447e-03
    -4.279405568826583e-03
     8.360238654558823e-03
    -1.610228292630494e-02
     2.766324434173479e-03
    -1.495604256123606e-03
     5.647572894634523e-03
     2.515739296178349e-03
     9.767040358429763e-03
    -1.946737522083047e-02
     2.930546936756534e-02
    -3.137141885480448e-02
     3.630696879348617e-02
    -3.264539834955150e-02
     1.717218652782826e-02
    -6.688290595705637e-03
    -9.051726611269573e-03
     4.461628907439744e-03
    -8.113551166979482e-03
     1.722175312206712e-02
    -1.779911323587763e-02
     2.515075869805551e-02
    -2.934885614424965e-02
     4.781326404678574e-02
    -3.666934297668895e-02
     3.571837763157179e-02
    -1.995140761527903e-02
     2.022386189166303e-02
    -1.819550136459674e-02
     1.242355283245308e-02
    -7.256077964067548e-03
     5.863597911587363e-03
     5.035152213173688e-03
    -1.431767901681037e-02
     2.311893111554632e-02
    -2.134130938599969e-02
     2.514806763145967e-02
    -3.161370814469492e-02
     3.796287503809559e-02
    -3.826778658427547e-02
     3.124381384643725e-02
    -1.951311068900178e-02
     1.484086703079559e-02
     9.942727015527231e-05
    -1.741964321053037e-02
     9.315087431182256e-03
    -1.164015564030674e-02
     1.269299760719855e-02
    -1.011212852015146e-02
     2.769066092457503e-02
    -2.110774195079528e-02
     6.394169796634375e-03
    -1.744891430056254e-02
     8.101794579401370e-03
    -6.168598627409538e-03
     8.444670261083004e-03
    -5.546059124540648e-03
    -2.209965603061689e-03
     5.697175752434780e-03
    -1.760870982666788e-02
     1.123952354832572e-02
    -1.401241059139166e-02
     1.884398671776921e-02
    -1.257191622056919e-02
    -3.351366903477454e-03
     6.713667195720752e-05
    -1.914501283573178e-03
     6.117247403671700e-03
    -2.578951768175408e-04
     2.467037847536130e-03
     1.188412647892101e-03
     5.940143335890380e-03
    -1.182858141045354e-02
     1.410841028817808e-02
    -2.156768396994127e-02
     1.436500425546075e-02
    -5.204355591498261e-03
     2.537182700321550e-03
     8.893735632095195e-03
    -8.027555523387797e-03
     3.809586555005719e-03
    -2.479702466178152e-03
     9.275485516017423e-03
    -1.869881458075039e-02
     1.004718583750516e-02
    -6.755325465513801e-03
     1.785765443620281e-02
    -1.685950927390337e-02
     2.172325843856626e-02
    -2.312464290763627e-02
     8.470072411598965e-03
    -6.536175685738025e-03
    -3.787076879750606e-03
     5.649589126121679e-03
    -1.098692957349295e-02
     1.387437862790489e-02
    -2.539649158894007e-02
     3.196865540736790e-02
    -3.240155753537519e-02
     1.484167957272443e-02
    -1.316134091662807e-02
     1.198794110126029e-02
    -6.271984410900266e-03
     9.241125859274446e-03
    -3.503571277914765e-03
     1.596442990552796e-03
     1.126485959285728e-02
    -2.490203908798805e-02
     2.380866348717453e-02
    -6.797272770223144e-03
     1.951936985634828e-02
    -1.091478103047122e-02
    -9.534667733449711e-03
     1.443820607841865e-02
    -5.434927089040101e-03
    -7.162437274864861e-03
    -1.028936964567076e-02
    -4.166840067225036e-03
     2.102415828014111e-02
    -6.621081662123773e-03
     9.931583171430072e-03
     7.701992853464457e-03
    -2.637980176593993e-02
    -5.866096251389008e-07
    -1.968283157003065e-03
    -8.778296145871611e-03
    -1.872994057733584e-02
     1.272654641667565e-02
    -7.823883285636365e-04
    -8.045354836502150e-03
     7.494160991936838e-04
    -1.519198760959786e-02
     2.854640222694122e-02
    -1.483139582037027e-02
     2.982253330907172e-02
    -1.352095076456392e-02
     6.301711688011524e-04
    -6.382259254173211e-03
     1.125357130856475e-02
    -6.789776074933501e-03
    -1.350971043784233e-06
     1.892971197060064e-02
    -2.564364781214200e-02
     2.417825915528453e-02
    -2.345291644137368e-02
     1.800060016886179e-02
    -1.571288687941906e-02
     1.068157419099315e-02
    -7.930194430934248e-03
     3.697081980513911e-03
     5.451424969632329e-04
     2.215464805294803e-04
    -1.011735847976864e-03
     3.873451548722151e-03
    -3.473696078492960e-03
    -8.184119919228274e-04
    -2.426018585819249e-03
    -1.264401573472518e-04
     1.174821316668633e-02
    -1.383176871990946e-02
     6.765481111963068e-03
     4.578528067896359e-04
     5.517176667714840e-03
    -4.990609304735452e-03
     1.255557283594289e-02
    -1.126447629300700e-02
     1.596665995198018e-03
     9.303726257824540e-03
    -6.537244917707963e-03
    -4.692848573695230e-04
    -5.837122699202876e-04
     4.444624186429325e-03
     8.478267150857532e-03
    -9.267578139046485e-03
     7.095329455966359e-03
    -6.906675220494235e-03
     4.438416970265507e-03
    -2.013395965466902e-03
    -9.967909698268274e-04
     5.313426121849318e-04
    -5.351469554414706e-03
     6.721568302599956e-03
    -7.450189965885722e-03
     1.119303764862864e-02
    -1.270876196972570e-02
    -9.957742061376135e-03
     1.298488885696371e-02
    -4.032112694233481e-03
    -7.401800358535673e-03
    -2.802537779947323e-03
    -1.495427525582044e-03
    -5.338581773559239e-03
     1.180890952992548e-02
    -1.025522848241545e-02
     1.721253867550676e-03
     7.317965797570797e-03
    -1.578593306357853e-02
     8.899982074604941e-03
    -1.313976566823809e-02
     2.119153230034537e-02
    -1.004138083793185e-02
    -4.868456933992016e-03
     2.624725353953694e-03
    -1.053189274837840e-02
     2.008501175431651e-02
    -9.601468712544747e-03
     1.449679209053659e-02
    -1.456303522616433e-02
     1.501701129630903e-02
    -1.221479610631276e-02
    -1.441968384609781e-02
     1.369461656825124e-03
    -9.604245198705785e-03
     1.689552049222942e-03
     2.805960577422051e-03
     1.003883422821344e-02
    -8.644770423283182e-03
    -1.152789037339123e-02
     3.460380123809254e-03
    -6.510302793617251e-04
    -1.311679361905049e-02
    -8.282292270230612e-03
    -1.898869653619817e-02
     1.373803860176919e-02
    -4.159017127367215e-03
     1.843952103557023e-02
    -2.750301009769196e-02
     3.136667313741751e-02
    -1.904717787718843e-02
     2.189898967207948e-03
     1.694917780019789e-03
     3.328565136820144e-03
     3.836792292603544e-03
    -1.224660139433731e-02
     1.261631538555434e-02
    -7.090272215242471e-03
     1.172276387402837e-02
    -1.402622282392435e-02
     1.182432806834484e-02
    -1.670852669226627e-02
     9.174060234183448e-03
    -6.951744283571325e-03
     1.582306971497753e-02
    -7.782224549715056e-03
     1.102763628995229e-02
    -1.110829030149078e-02
     3.825412033329034e-03
    -1.282925321077655e-03
     2.965672082608839e-03
    -1.571935158380670e-02
     1.048391416874278e-02
    -7.699046977288321e-03
     8.369027359356629e-03
    -5.489207164594473e-03
     5.862012216716613e-03
     1.757771471778824e-02
    -2.576714456270008e-02
     2.273722408210921e-02
    -2.545804811759131e-02
     2.712817584283045e-02
    -1.704859081812249e-02
     4.280514652875711e-03
     2.550159537555219e-03
    -6.759130277131306e-03
     1.205205055044342e-02
    -1.094598893529308e-02
     4.778736143065815e-03
     1.841815277543880e-03
    -1.792514437403636e-03
     5.996287769745201e-03
    -4.703720954634560e-03
     1.125109558182061e-02
    -8.189556707954418e-03
    -5.756703941520835e-03
     6.852817234119860e-04
    -4.957386514014284e-04
     3.822639517395143e-04
    -3.971991147265402e-03
     5.627776173222604e-03
    -4.941391504107218e-03
    -6.644399773587523e-03
     7.043986680882963e-03
    -1.256286979916923e-03
    -6.581112107047149e-03
     1.024688179334921e-02
    -2.844919906163396e-03
    -9.573837553029225e-03
     4.122129724868806e-03
    -1.425362488360640e-02
     9.619977331152052e-03
    -4.688429522875182e-03
     2.617461966332987e-03
     1.067871274708396e-02
    -1.377111745851586e-02
     6.423655997007033e-03
    -1.099592029695309e-02
     1.630067808075375e-02
    -1.097851510188308e-02
     4.732561182520051e-03
    -8.534588802850851e-03
     1.241494685276891e-02
    -1.452100889742858e-02
     1.494934113316998e-03
    -8.786703055326139e-03
     4.771804847679084e-03
     3.988655870987672e-03
    -1.424692838207520e-02
     6.644103260127099e-03
    -1.803622037538477e-03
     8.356656319123218e-03
    -6.098710485949413e-03
    -9.604462319173501e-04
    -3.203590446233195e-03
     1.102392715829975e-02
    -1.942596032497668e-02
     1.612875097566216e-02
    -1.872298851925147e-02
     2.200384245090586e-02
    -1.754437804656234e-02
     1.006179938761294e-02
    -5.847631077500248e-03
     7.537964201759895e-03
     2.799112062326692e-03
    -3.939916656097608e-03
     2.463108953566878e-02
    -2.341653604103090e-02
     1.686112450836555e-02
    -3.488135106227003e-02
     2.729290098985121e-02
    -1.275734574599452e-02
     3.521552368289799e-03
     8.707867854593557e-04
     2.923850471929793e-03
    -1.608030160564766e-02
    -1.654960590940263e-02
    -2.733449373814645e-03
    -6.577624197173150e-03
     1.407819679088865e-02
    -1.676149685270678e-02
     1.429780766211042e-02
    -3.939596067730478e-03
     1.728535344559179e-02
    -6.401304924607915e-03
     4.726296524117712e-03
    -1.734517734609461e-02
     1.739414061689493e-02
    -2.237329900144651e-02
     1.770773652545437e-02
     7.106460422252991e-03
    -1.542985664513830e-03
     1.185628938194488e-02
    -2.356390108259023e-02
     8.055801376372462e-03
    -6.779633540597074e-03
     3.259643238444848e-02
    -1.847806379511958e-02
     2.573806511774221e-02
    -3.127067409327458e-02
     9.275689593851610e-03
    -3.060015587698542e-03
     3.811427576124876e-03
    -7.389767568275418e-03
    -4.384504478118278e-03
     7.059903678660551e-03
    -5.823319267267424e-05
    -1.764587560484508e-02
    -1.120187903597708e-02
     7.301194911829810e-03
     6.665724973150239e-03
     2.214242774359648e-02
    -2.429946668038002e-02
     3.741655630763848e-02
    -3.665930869644825e-02
     2.511125373745365e-02
    -2.740261844022462e-02
     3.695788696962182e-02
    -7.593424853361008e-03
     2.803903295689364e-02
     9.070118631715474e-07
    -1.012575600022769e-02
     1.032356711397193e-02
    -4.535227618264624e-02
     3.248906186896444e-02
    -9.116396490970152e-03
     2.594837995159760e-02
    -3.548799613929543e-02
     2.720041307164500e-02
    -1.670338143223876e-02
     1.978503563888745e-02
    -1.653809355762226e-02
     1.334182587679629e-02
    -6.782918780895389e-03
     4.805827283554887e-03
     8.676323219587168e-04
    -1.299664419361683e-02
     1.166514782883371e-02
    -2.106618653664169e-02
     2.512295242282772e-02
    -1.065623421720277e-02
     9.897929917698473e-03
    -1.337863705947573e-02
     1.595265767071818e-02
    -1.163322166161154e-02
     1.477516333986245e-02
    -7.457382552724906e-03
     1.171716872803964e-02
    -8.391153583961870e-03
     4.890140905199611e-03
    -2.889649699303214e-03
     4.076309305829140e-03
     4.758046296034574e-03
    -1.408842367403407e-03
     3.487924799418493e-03
    -1.400173967849860e-04
     1.124527143070145e-02
    -1.823588263796161e-02
     1.235188551119665e-02
    -4.891255060168742e-03
     1.111937338543922e-02
    -1.872349513845845e-02
     1.110906091079278e-02
    -1.130357601482283e-02
     8.028018260477471e-03
     7.472192427089075e-03
    -5.317747388113914e-03
     1.871528032688752e-03
    -1.021585856525101e-02
     1.095511813243255e-02
    -8.315928959826469e-03
     1.577882600455782e-02
    -5.016014806292823e-03
    -4.118534207524449e-03
     3.255639848076031e-03
    -2.203113203405743e-02
     2.154226893031430e-02
    -1.364044964067687e-02
     1.103603739616538e-02
     2.822985815847390e-03
    -5.446315726293652e-03
     1.007736758001719e-03
    -1.216115821633251e-02
     1.302844084769555e-02
    -2.421226326933118e-03
     1.149233915916648e-03
     4.884591041642850e-07
     5.595577640200466e-03
    -7.118683001220844e-03
    -1.014420278198949e-02
     5.986637608137946e-03
     2.344895759877882e-03
     2.617530800753720e-03
     8.742349704225039e-03
     2.095018823814056e-03
     2.516224755229224e-03
    -1.497002119368659e-02
     5.744226949688874e-03
    -1.121080499533415e-02
     2.337973262425644e-02
    -1.508464646163102e-02
     1.969747523672968e-02
    -1.452107415156968e-02
     6.831044025533764e-05
    -3.067064105274575e-03
    -6.081286955415717e-03
     2.806361626375103e-02
    -2.573278732587977e-02
     3.094261432029893e-02
    -2.370300917571011e-02
     2.801560943570514e-02
    -3.000525743088675e-02
     8.053153780887931e-03
     2.773439110489696e-03
    -5.709957357126372e-03
     7.425653076497196e-03
     2.534891631179259e-03
     1.265076631484977e-02
    -9.500974028619602e-03
     6.721128689058220e-03
    -1.973723707479735e-02
     1.667217107062863e-02
    -1.450818482209126e-02
     1.601677297485321e-02
    -1.347140440811079e-02
     1.142482346123425e-02
    -4.443641524873865e-03
     7.194869920978952e-04
    -1.147793345496345e-02
     4.616153212198444e-03
    -5.742311760577684e-03
     3.068220273166999e-03
     9.834034800839053e-03
    -2.756400923052765e-03
     1.370306791924313e-03
    -7.413872598746790e-03
     1.133129900803151e-02
    -1.715534460157975e-02
     1.865913854683902e-02
    -2.122963899373312e-02
     2.346225434117960e-02
    -2.593963352349562e-02
     9.352065627662165e-03
    -8.917985894336289e-03
     7.205878502937857e-03
    -6.913302100998095e-03
    -3.731086112531146e-04
     6.756943707938223e-03
    -1.819052820198713e-02
     5.863039174018203e-03
    -5.712783945834632e-03
     2.111377876052335e-02
    -1.000968085509145e-02
     2.165714140378342e-02
    -3.061969852960819e-02
     1.662640514262129e-02
    -1.644486942322731e-02
     1.189496947700376e-02
     1.718321622368034e-03
    -2.381289701236786e-03
     1.076465578438549e-02
    -1.068153979915124e-02
     3.452642860101829e-03
    -9.034837214581190e-03
     4.355009134493770e-04
    -1.275855193846975e-02
     4.482326982910567e-03
     5.228275150245015e-03
     2.587021896216735e-03
    -2.921193954413315e-03
     1.160034413556998e-03
    -1.258981644874479e-03
     5.723073299223835e-03
    -5.345301309840681e-03
     1.203100646038349e-02
    -6.644381741239311e-03
     2.552331091115800e-03
    -2.396903271962542e-03
    -2.136723256183692e-03
     1.457586571748576e-03
     3.111437524005084e-03
    -1.719460614352519e-04
     2.736202491115489e-03
    -3.688609601789017e-03
    -1.165795940691050e-03
    -4.152686495451682e-03
     3.114493472033686e-03
    -1.141885103056171e-02
     1.626695406713428e-02
    -6.884641464816946e-03
    -3.691941081550909e-03
     6.429114867281566e-03
    -9.890093940299355e-03
     6.908513429994385e-03
    -5.726153051474503e-03
     3.636113808434246e-03
    -1.915235964663198e-04
     9.451562961470830e-03
    -1.106584956042485e-02
     2.798139155135346e-02
    -2.115750657380266e-02
     2.050493594219011e-02
    -1.641062525530168e-02
     1.037982419663278e-02
    -1.584254208906333e-02
     3.608097505778174e-03
     4.914159992478961e-03
    -1.154193879060410e-02
     5.741952177390236e-03
    -9.614153771550310e-03
     7.498731307338982e-03
    -1.097136018078358e-02
     1.269073198860209e-02
    -1.113877837836419e-02
     8.320313348607000e-03
    -6.108647679893796e-03
     1.061341537075552e-02
    -1.696464825690726e-02
     1.338912741614390e-02
    -1.107717926078197e-02
     5.242882013833355e-03
    -4.915770615845156e-03
    -3.192650116391374e-03
     2.285287941617392e-03
    -3.688050126416875e-03
     1.123473182403961e-02
    -4.781078258029509e-03
     6.228985316460506e-03
    -1.518031568967954e-02
     3.460424088106651e-03
     5.365573044448929e-03
    -1.311090033752121e-02
     9.086794754977201e-03
    -8.531697833125573e-03
     7.283341208378868e-03
     3.077514259524107e-03
    -5.262188616445188e-03
     9.193175646854568e-03
    -1.512598718396523e-02
     1.526616365669146e-02
    -4.525617855998254e-04
     2.019555934648254e-03
     9.734696787804170e-03
    -8.909407691261584e-03
     1.296192835507379e-02
    -6.035581517783897e-03
    -5.602354991209542e-03
     3.932489902145675e-03
    -5.343881365751146e-03
     8.796858432581767e-03
    -3.500062384065583e-04
    -1.883708677430259e-03
    -4.797848097249924e-04
    -4.002385727585711e-03
     3.441006123450607e-03
     2.215071972452635e-03
     2.023384424783474e-03
     4.389929843849671e-03
    -4.989469359477000e-03
     6.477840715467011e-03
    -1.240035241426587e-02
     1.086617738886775e-02
    -5.874054257537037e-03
     1.865175462700056e-03
     1.339172822986456e-03
     1.588646337334416e-03
    -1.151890424143105e-03
    -3.132113801987274e-03
     4.868803987456816e-03
    -6.328093338851204e-03
     8.814714014650199e-03
    -8.382201825422042e-03
     2.804193816893986e-03
     1.426654954031853e-03
    -4.410175351869106e-04
    -4.609867134532139e-03
     1.400740499299183e-03
    -1.372507112650168e-02
     2.519144691963029e-03
     2.992134533150434e-03
    -5.455762862560110e-03
    -3.013776851789884e-03
     1.121232783221449e-02
     3.303357171492660e-03
    -7.198168762754392e-04
     7.463646999265050e-03
    -1.752295100644066e-02
     1.501521553904511e-02
    -1.591545902567598e-02
     1.404500900821298e-02
    -5.373723974825495e-03
    -1.545706979436012e-03
     5.427448646706842e-03
    -5.724501025570184e-03
     8.334655877395500e-03
    -8.713130257524127e-03
     1.741678069036992e-02
    -1.385798026732162e-02
     1.237321254121190e-02
    -1.444973977974373e-02
     4.873285423012519e-03