

iter #0
-0.074039
0.000000
0.000000
0.000000
0.000000
0.000000
0.000000
0.000000
0.000000
0.000000
0.000000
0.000000
0.000000
0.000000
0.000000
0.000000
0.000000
0.000000
0.000000
0.000000
0.000000
0.000000
0.000000
0.000000
0.000000
0.000000
0.000000
0.000000
0.000000
0.000000
0.000000
0.000000


iter #1
-0.047802
-0.083073
0.000000
0.000000
0.000000
0.000000
0.000000
0.000000
0.000000
0.000000
0.000000
0.000000
0.000000
0.000000
0.000000
0.000000
0.000000
0.000000
0.000000
0.000000
0.000000
0.000000
0.000000
0.000000
0.000000
0.000000
0.000000
0.000000
0.000000
0.000000
0.000000
0.000000


iter #2
-0.004204
-0.002758
-0.004791
0.000000
0.000000
0.000000
0.000000
0.000000
0.000000
0.000000
0.000000
0.000000
0.000000
0.000000
0.000000
0.000000
0.000000
0.000000
0.000000
0.000000
0.000000
0.000000
0.000000
0.000000
0.000000
0.000000
0.000000
0.000000
0.000000
0.000000
0.000000
0.000000


iter #3
0.004692
0.043831
0.028755
0.049973
0.000000
0.000000
0.000000
0.000000
0.000000
0.000000
0.000000
0.000000
0.000000
0.000000
0.000000
0.000000
0.000000
0.000000
0.000000
0.000000
0.000000
0.000000
0.000000
0.000000
0.000000
0.000000
0.000000
0.000000
0.000000
0.000000
0.000000
0.000000


iter #4
0.022861
-0.005585
-0.052139
-0.034206
-0.059444
0.000000
0.000000
0.000000
0.000000
0.000000
0.000000
0.000000
0.000000
0.000000
0.000000
0.000000
0.000000
0.000000
0.000000
0.000000
0.000000
0.000000
0.000000
0.000000
0.000000
0.000000
0.000000
0.000000
0.000000
0.000000
0.000000
0.000000


iter #5
0.056770
0.036243
-0.008854
-0.082664
-0.054234
-0.094246
0.000000
0.000000
0.000000
0.000000
0.000000
0.000000
0.000000
0.000000
0.000000
0.000000
0.000000
0.000000
0.000000
0.000000
0.000000
0.000000
0.000000
0.000000
0.000000
0.000000
0.000000
0.000000
0.000000
0.000000
0.000000
0.000000


iter #6
0.070724
0.058544
0.037376
-0.009132
-0.085247
-0.055923
-0.097187
0.000000
0.000000
0.000000
0.000000
0.000000
0.000000
0.000000
0.000000
0.000000
0.000000
0.000000
0.000000
0.000000
0.000000
0.000000
0.000000
0.000000
0.000000
0.000000
0.000000
0.000000
0.000000
0.000000
0.000000
0.000000


iter #7
0.001446
0.002438
0.002018
0.001286
-0.000317
-0.002941
-0.001930
-0.003353
0.000000
0.000000
0.000000
0.000000
0.000000
0.000000
0.000000
0.000000
0.000000
0.000000
0.000000
0.000000
0.000000
0.000000
0.000000
0.000000
0.000000
0.000000
0.000000
0.000000
0.000000
0.000000
0.000000
0.000000


iter #8
0.015549
-0.026451
-0.044540
-0.036869
-0.023540
0.005749
0.053677
0.035213
0.061199
0.000000
0.000000
0.000000
0.000000
0.000000
0.000000
0.000000
0.000000
0.000000
0.000000
0.000000
0.000000
0.000000
0.000000
0.000000
0.000000
0.000000
0.000000
0.000000
0.000000
0.000000
0.000000
0.000000


iter #9
-0.011517
-0.008186
0.013916
0.023434
0.019398
0.012383
-0.003029
-0.028248
-0.018532
-0.032204
0.000000
0.000000
0.000000
0.000000
0.000000
0.000000
0.000000
0.000000
0.000000
0.000000
0.000000
0.000000
0.000000
0.000000
0.000000
0.000000
0.000000
0.000000
0.000000
0.000000
0.000000
0.000000


iter #10
0.000172
-0.012733
-0.009048
0.015385
0.025909
0.021446
0.013691
-0.003345
-0.031231
-0.020489
-0.035606
0.000000
0.000000
0.000000
0.000000
0.000000
0.000000
0.000000
0.000000
0.000000
0.000000
0.000000
0.000000
0.000000
0.000000
0.000000
0.000000
0.000000
0.000000
0.000000
0.000000
0.000000


iter #11
0.008133
-0.000103
0.007412
0.005268
-0.008961
-0.015091
-0.012493
-0.007977
0.001945
0.018185
0.011929
0.020733
0.000000
0.000000
0.000000
0.000000
0.000000
0.000000
0.000000
0.000000
0.000000
0.000000
0.000000
0.000000
0.000000
0.000000
0.000000
0.000000
0.000000
0.000000
0.000000
0.000000


iter #12
-0.027142
0.018429
-0.000233
0.016792
0.011932
-0.020298
-0.034180
-0.028294
-0.018063
0.004410
0.041191
0.027020
0.046959
0.000000
0.000000
0.000000
0.000000
0.000000
0.000000
0.000000
0.000000
0.000000
0.000000
0.000000
0.000000
0.000000
0.000000
0.000000
0.000000
0.000000
0.000000
0.000000


iter #13
-0.003162
-0.035282
0.023956
-0.000301
0.021832
0.015511
-0.026386
-0.044430
-0.036777
-0.023483
0.005733
0.053547
0.035126
0.061047
0.000000
0.000000
0.000000
0.000000
0.000000
0.000000
0.000000
0.000000
0.000000
0.000000
0.000000
0.000000
0.000000
0.000000
0.000000
0.000000
0.000000
0.000000


iter #14
0.027664
-0.002644
-0.029495
0.020027
-0.000252
0.018250
0.012966
-0.022060
-0.037144
-0.030746
-0.019630
0.004791
0.044765
0.029366
0.051037
0.000000
0.000000
0.000000
0.000000
0.000000
0.000000
0.000000
0.000000
0.000000
0.000000
0.000000
0.000000
0.000000
0.000000
0.000000
0.000000
0.000000


iter #15
-0.007572
0.005955
-0.000572
-0.006351
0.004311
-0.000057
0.003929
0.002792
-0.004753
-0.007999
-0.006622
-0.004227
0.001030
0.009636
0.006321
0.010986
0.000000
0.000000
0.000000
0.000000
0.000000
0.000000
0.000000
0.000000
0.000000
0.000000
0.000000
0.000000
0.000000
0.000000
0.000000
0.000000


iter #16
0.017250
0.009407
-0.007408
0.000706
0.007893
-0.005363
0.000065
-0.004887
-0.003471
0.005901
0.009937
0.008228
0.005253
-0.001286
-0.011982
-0.007862
-0.013660
0.000000
0.000000
0.000000
0.000000
0.000000
0.000000
0.000000
0.000000
0.000000
0.000000
0.000000
0.000000
0.000000
0.000000
0.000000


iter #17
-0.009388
-0.007603
-0.004147
0.003262
-0.000313
-0.003479
0.002361
-0.000031
0.002151
0.001526
-0.002602
-0.004383
-0.003628
-0.002316
0.000565
0.005276
0.003460
0.006016
0.000000
0.000000
0.000000
0.000000
0.000000
0.000000
0.000000
0.000000
0.000000
0.000000
0.000000
0.000000
0.000000
0.000000


iter #18
0.000298
0.008167
0.006611
0.003605
-0.002842
0.000271
0.003025
-0.002056
0.000023
-0.001873
-0.001331
0.002262
0.003807
0.003151
0.002010
-0.000492
-0.004597
-0.003014
-0.005238
0.000000
0.000000
0.000000
0.000000
0.000000
0.000000
0.000000
0.000000
0.000000
0.000000
0.000000
0.000000
0.000000


iter #19
-0.002808
0.000149
0.004128
0.003342
0.001823
-0.001438
0.000134
0.001530
-0.001041
0.000011
-0.000950
-0.000675
0.001144
0.001926
0.001595
0.001019
-0.000252
-0.002323
-0.001526
-0.002651
0.000000
0.000000
0.000000
0.000000
0.000000
0.000000
0.000000
0.000000
0.000000
0.000000
0.000000
0.000000


iter #20
-0.005779
0.010586
-0.000572
-0.015591
-0.012627
-0.006886
0.005417
-0.000519
-0.005779
0.003922
-0.000050
0.003574
0.002537
-0.004322
-0.007275
-0.006023
-0.003845
0.000938
0.008766
0.005749
0.009995
0.000000
0.000000
0.000000
0.000000
0.000000
0.000000
0.000000
0.000000
0.000000
0.000000
0.000000


iter #21
-0.011898
-0.010761
0.019714
-0.001060
-0.029037
-0.023514
-0.012825
0.010090
-0.000965
-0.010761
0.007305
-0.000092
0.006657
0.004730
-0.008049
-0.013550
-0.011215
-0.007160
0.001747
0.016327
0.010712
0.018616
0.000000
0.000000
0.000000
0.000000
0.000000
0.000000
0.000000
0.000000
0.000000
0.000000


iter #22
0.004097
-0.006752
-0.006107
0.011189
-0.000603
-0.016479
-0.013344
-0.007278
0.005726
-0.000549
-0.006107
0.004143
-0.000053
0.003777
0.002682
-0.004566
-0.007690
-0.006367
-0.004066
0.000992
0.009266
0.006077
0.010563
0.000000
0.000000
0.000000
0.000000
0.000000
0.000000
0.000000
0.000000
0.000000


iter #23
0.014217
0.005760
-0.009495
-0.008587
0.015732
-0.000847
-0.023170
-0.018761
-0.010231
0.008049
-0.000771
-0.008587
0.005829
-0.000076
0.005310
0.003773
-0.006420
-0.010811
-0.008949
-0.005714
0.001392
0.013027
0.008545
0.014851
0.000000
0.000000
0.000000
0.000000
0.000000
0.000000
0.000000
0.000000


iter #24
0.001747
0.001343
0.000546
-0.000900
-0.000813
0.001488
-0.000080
-0.002193
-0.001778
-0.000969
0.000759
-0.000076
-0.000813
0.000549
-0.000008
0.000500
0.000355
-0.000610
-0.001026
-0.000851
-0.000542
0.000130
0.001232
0.000809
0.001404
0.000000
0.000000
0.000000
0.000000
0.000000
0.000000
0.000000


iter #25
-0.005878
-0.006561
-0.005043
-0.002045
0.003365
0.003040
-0.005581
0.000298
0.008213
0.006649
0.003624
-0.002857
0.000271
0.003040
-0.002068
0.000023
-0.001884
-0.001339
0.002274
0.003830
0.003170
0.002022
-0.000496
-0.004620
-0.003033
-0.005268
0.000000
0.000000
0.000000
0.000000
0.000000
0.000000


iter #26
-0.002190
-0.009163
-0.010223
-0.007862
-0.003185
0.005241
0.004742
-0.008698
0.000465
0.012802
0.010365
0.005653
-0.004452
0.000423
0.004742
-0.003223
0.000038
-0.002937
-0.002087
0.003544
0.005970
0.004944
0.003155
-0.000774
-0.007202
-0.004726
-0.008209
0.000000
0.000000
0.000000
0.000000
0.000000


iter #27
0.004303
-0.002609
-0.010925
-0.012188
-0.009373
-0.003799
0.006252
0.005653
-0.010368
0.000557
0.015263
0.012360
0.006741
-0.005306
0.000504
0.005653
-0.003841
0.000046
-0.003502
-0.002487
0.004227
0.007122
0.005894
0.003761
-0.000923
-0.008587
-0.005634
-0.009789
0.000000
0.000000
0.000000
0.000000


iter #28
-0.001545
0.002544
-0.001541
-0.006458
-0.007206
-0.005539
-0.002247
0.003693
0.003342
-0.006126
0.000328
0.009018
0.007301
0.003983
-0.003136
0.000298
0.003342
-0.002274
0.000027
-0.002071
-0.001472
0.002499
0.004208
0.003483
0.002224
-0.000546
-0.005074
-0.003330
-0.005787
0.000000
0.000000
0.000000


iter #29
-0.000790
0.000904
-0.001492
0.000900
0.003780
0.004219
0.003242
0.001312
-0.002167
-0.001961
0.003586
-0.000195
-0.005287
-0.004280
-0.002335
0.001835
-0.000175
-0.001961
0.001328
-0.000019
0.001209
0.000858
-0.001465
-0.002468
-0.002045
-0.001305
0.000317
0.002972
0.001949
0.003387
0.000000
0.000000


iter #30
-0.000633
-0.001110
0.001270
-0.002098
0.001266
0.005314
0.005932
0.004559
0.001846
-0.003044
-0.002754
0.005043
-0.000275
-0.007431
-0.006020
-0.003284
0.002579
-0.000248
-0.002754
0.001869
-0.000027
0.001701
0.001209
-0.002060
-0.003468
-0.002872
-0.001835
0.000446
0.004177
0.002739
0.004761
0.000000


iter #31
-0.000084
0.000019
0.000034
-0.000042
0.000069
-0.000042
-0.000175
-0.000198
-0.000153
-0.000061
0.000099
0.000088
-0.000168
0.000008
0.000244
0.000198
0.000107
-0.000088
0.000008
0.000088
-0.000065
0.000000
-0.000057
-0.000042
0.000065
0.000111
0.000092
0.000057
-0.000015
-0.000141
-0.000092
-0.000160
