

ITER NUM           0
     -20438
          0
          0
          0
          0
          0
          0
          0
          0
          0
          0
          0
          0
          0
          0
          0
          0
          0
          0
          0
          0
          0
          0
          0
          0
          0
          0
          0
          0
          0
          0
          0


ITER NUM           1
     -11546
     -20064
          0
          0
          0
          0
          0
          0
          0
          0
          0
          0
          0
          0
          0
          0
          0
          0
          0
          0
          0
          0
          0
          0
          0
          0
          0
          0
          0
          0
          0
          0


ITER NUM           2
      -1182
       -775
      -1347
          0
          0
          0
          0
          0
          0
          0
          0
          0
          0
          0
          0
          0
          0
          0
          0
          0
          0
          0
          0
          0
          0
          0
          0
          0
          0
          0
          0
          0


ITER NUM           3
       1326
      12382
       8123
      14117
          0
          0
          0
          0
          0
          0
          0
          0
          0
          0
          0
          0
          0
          0
          0
          0
          0
          0
          0
          0
          0
          0
          0
          0
          0
          0
          0
          0


ITER NUM           4
       6897
      -1685
     -15732
     -10321
     -17936
          0
          0
          0
          0
          0
          0
          0
          0
          0
          0
          0
          0
          0
          0
          0
          0
          0
          0
          0
          0
          0
          0
          0
          0
          0
          0
          0


ITER NUM           5
      13208
       8432
      -2060
     -19232
     -12617
     -21927
          0
          0
          0
          0
          0
          0
          0
          0
          0
          0
          0
          0
          0
          0
          0
          0
          0
          0
          0
          0
          0
          0
          0
          0
          0
          0


ITER NUM           6
      19706
      16312
      10414
      -2544
     -23752
     -15582
     -27079
          0
          0
          0
          0
          0
          0
          0
          0
          0
          0
          0
          0
          0
          0
          0
          0
          0
          0
          0
          0
          0
          0
          0
          0
          0


ITER NUM           7
        426
        718
        594
        379
        -93
       -867
       -569
       -988
          0
          0
          0
          0
          0
          0
          0
          0
          0
          0
          0
          0
          0
          0
          0
          0
          0
          0
          0
          0
          0
          0
          0
          0


ITER NUM           8
       4672
      -7948
     -13382
     -11078
      -7072
       1727
      16128
      10580
      18388
          0
          0
          0
          0
          0
          0
          0
          0
          0
          0
          0
          0
          0
          0
          0
          0
          0
          0
          0
          0
          0
          0
          0


ITER NUM           9
      -3588
      -2550
       4335
       7300
       6043
       3858
       -943
      -8800
      -5773
     -10032
          0
          0
          0
          0
          0
          0
          0
          0
          0
          0
          0
          0
          0
          0
          0
          0
          0
          0
          0
          0
          0
          0


ITER NUM          10
         54
      -3967
      -2819
       4794
       8072
       6682
       4266
      -1043
      -9730
      -6383
     -11093
          0
          0
          0
          0
          0
          0
          0
          0
          0
          0
          0
          0
          0
          0
          0
          0
          0
          0
          0
          0
          0


ITER NUM          11
       2643
        -34
       2409
       1711
      -2912
      -4903
      -4059
      -2591
        632
       5909
       3876
       6736
          0
          0
          0
          0
          0
          0
          0
          0
          0
          0
          0
          0
          0
          0
          0
          0
          0
          0
          0
          0


ITER NUM          12
      -9605
       6522
        -82
       5944
       4223
      -7184
     -12096
     -10013
      -6393
       1561
      14578
       9564
      16621
          0
          0
          0
          0
          0
          0
          0
          0
          0
          0
          0
          0
          0
          0
          0
          0
          0
          0
          0


ITER NUM          13
      -1119
     -12494
       8484
       -107
       7731
       5493
      -9344
     -15734
     -13025
      -8316
       2031
      18963
      12440
      21620
          0
          0
          0
          0
          0
          0
          0
          0
          0
          0
          0
          0
          0
          0
          0
          0
          0
          0


ITER NUM          14
      10503
      -1003
     -11198
       7604
        -95
       6929
       4923
      -8375
     -14101
     -11673
      -7453
       1820
      16995
      11149
      19376
          0
          0
          0
          0
          0
          0
          0
          0
          0
          0
          0
          0
          0
          0
          0
          0
          0


ITER NUM          15
      -3186
       2507
       -240
      -2673
       1815
        -23
       1653
       1175
      -1999
      -3366
      -2787
      -1779
        434
       4056
       2661
       4624
          0
          0
          0
          0
          0
          0
          0
          0
          0
          0
          0
          0
          0
          0
          0
          0


ITER NUM          16
       9648
       5261
      -4142
        395
       4414
      -2999
         37
      -2733
      -1942
       3301
       5559
       4602
       2938
       -718
      -6701
      -4396
      -7640
          0
          0
          0
          0
          0
          0
          0
          0
          0
          0
          0
          0
          0
          0
          0


ITER NUM          17
      -7234
      -5858
      -3195
       2514
       -241
      -2681
       1820
        -23
       1658
       1178
      -2005
      -3376
      -2794
      -1784
        435
       4068
       2668
       4637
          0
          0
          0
          0
          0
          0
          0
          0
          0
          0
          0
          0
          0
          0


ITER NUM          18
        229
       6295
       5097
       2779
      -2188
        208
       2332
      -1584
         19
      -1444
      -1026
       1744
       2937
       2431
       1552
       -380
      -3541
      -2323
      -4037
          0
          0
          0
          0
          0
          0
          0
          0
          0
          0
          0
          0
          0


ITER NUM          19
      -2436
        130
       3586
       2904
       1583
      -1247
        118
       1328
       -903
         11
       -823
       -585
        993
       1673
       1385
        884
       -217
      -2017
      -1324
      -2300
          0
          0
          0
          0
          0
          0
          0
          0
          0
          0
          0
          0


ITER NUM          20
      -5183
       9498
       -511
     -13989
     -11327
      -6178
       4861
       -465
      -5183
       3519
        -44
       3207
       2278
      -3877
      -6527
      -5403
      -3450
        842
       7866
       5160
       8968
          0
          0
          0
          0
          0
          0
          0
          0
          0
          0
          0


ITER NUM          21
     -11094
     -10033
      18387
       -988
     -27080
     -21927
     -11958
       9411
       -899
     -10033
       6813
        -86
       6208
       4411
      -7504
     -12635
     -10459
      -6678
       1630
      15228
       9990
      17361
          0
          0
          0
          0
          0
          0
          0
          0
          0
          0


ITER NUM          22
       3876
      -6384
      -5774
      10580
       -569
     -15583
     -12618
      -6881
       5415
       -518
      -5774
       3920
        -49
       3572
       2538
      -4318
      -7271
      -6019
      -3843
        938
       8762
       5748
       9990
          0
          0
          0
          0
          0
          0
          0
          0
          0


ITER NUM          23
      14578
       5909
      -9731
      -8801
      16128
       -867
     -23753
     -19233
     -10489
       8254
       -789
      -8801
       5976
        -75
       5445
       3869
      -6582
     -11083
      -9174
      -5857
       1430
      13357
       8762
      15228
          0
          0
          0
          0
          0
          0
          0
          0


ITER NUM          24
       2031
       1561
        633
      -1043
       -943
       1728
        -93
      -2545
      -2061
      -1124
        884
        -85
       -943
        640
         -8
        583
        414
       -706
      -1188
       -983
       -628
        153
       1431
        938
       1631
          0
          0
          0
          0
          0
          0
          0


ITER NUM          25
      -7452
      -8315
      -6392
      -2591
       4265
       3858
      -7072
        379
      10413
       8432
       4598
      -3620
        345
       3858
      -2621
         32
      -2388
      -1697
       2885
       4858
       4021
       2567
       -628
      -5857
      -3842
      -6677
          0
          0
          0
          0
          0
          0


ITER NUM          26
      -2786
     -11672
     -13024
     -10012
      -4059
       6682
       6043
     -11077
        595
      16312
      13208
       7203
      -5670
        541
       6043
      -4105
         51
      -3741
      -2658
       4519
       7610
       6300
       4022
       -983
      -9174
      -6018
     -10459
          0
          0
          0
          0
          0


ITER NUM          27
       5559
      -3366
     -14100
     -15733
     -12095
      -4903
       8072
       7300
     -13381
        718
      19705
      15955
       8701
      -6849
        653
       7300
      -4959
         61
      -4519
      -3211
       5460
       9194
       7610
       4858
      -1187
     -11082
      -7270
     -12634
          0
          0
          0
          0


ITER NUM          28
      -2004
       3301
      -1999
      -8373
      -9343
      -7183
      -2912
       4793
       4335
      -7946
        426
      11701
       9475
       5167
      -4067
        388
       4335
      -2945
         36
      -2684
      -1907
       3242
       5459
       4519
       2885
       -705
      -6581
      -4318
      -7503
          0
          0
          0


ITER NUM          29
      -1026
       1178
      -1942
       1175
       4924
       5494
       4223
       1712
      -2820
      -2550
       4672
       -252
      -6882
      -5573
      -3039
       2391
       -229
      -2550
       1731
        -22
       1577
       1121
      -1907
      -3211
      -2658
      -1697
        414
       3869
       2538
       4412
          0
          0


ITER NUM          30
       -823
      -1444
       1658
      -2733
       1653
       6929
       7732
       5944
       2409
      -3968
      -3589
       6576
       -354
      -9685
      -7842
      -4277
       3365
       -322
      -3589
       2436
        -31
       2220
       1577
      -2684
      -4519
      -3741
      -2389
        583
       5446
       3572
       6209
          0


ITER NUM          31
       -108
         27
         48
        -56
         91
        -56
       -233
       -259
       -200
        -81
        132
        120
       -221
         11
        324
        262
        143
       -113
         10
        120
        -82
          1
        -75
        -53
         89
        151
        125
         79
        -20
       -183
       -120
       -208
