

iter #0
-0.074035
0.000000
0.000000
0.000000
0.000000
0.000000
0.000000
0.000000
0.000000
0.000000
0.000000
0.000000
0.000000
0.000000
0.000000
0.000000
0.000000
0.000000
0.000000
0.000000
0.000000
0.000000
0.000000
0.000000
0.000000
0.000000
0.000000
0.000000
0.000000
0.000000
0.000000
0.000000


iter #1
-0.047801
-0.083072
0.000000
0.000000
0.000000
0.000000
0.000000
0.000000
0.000000
0.000000
0.000000
0.000000
0.000000
0.000000
0.000000
0.000000
0.000000
0.000000
0.000000
0.000000
0.000000
0.000000
0.000000
0.000000
0.000000
0.000000
0.000000
0.000000
0.000000
0.000000
0.000000
0.000000


iter #2
-0.004202
-0.002757
-0.004791
0.000000
0.000000
0.000000
0.000000
0.000000
0.000000
0.000000
0.000000
0.000000
0.000000
0.000000
0.000000
0.000000
0.000000
0.000000
0.000000
0.000000
0.000000
0.000000
0.000000
0.000000
0.000000
0.000000
0.000000
0.000000
0.000000
0.000000
0.000000
0.000000


iter #3
0.004695
0.043832
0.028756
0.049973
0.000000
0.000000
0.000000
0.000000
0.000000
0.000000
0.000000
0.000000
0.000000
0.000000
0.000000
0.000000
0.000000
0.000000
0.000000
0.000000
0.000000
0.000000
0.000000
0.000000
0.000000
0.000000
0.000000
0.000000
0.000000
0.000000
0.000000
0.000000


iter #4
0.022861
-0.005584
-0.052138
-0.034204
-0.059442
0.000000
0.000000
0.000000
0.000000
0.000000
0.000000
0.000000
0.000000
0.000000
0.000000
0.000000
0.000000
0.000000
0.000000
0.000000
0.000000
0.000000
0.000000
0.000000
0.000000
0.000000
0.000000
0.000000
0.000000
0.000000
0.000000
0.000000


iter #5
0.056771
0.036245
-0.008853
-0.082660
-0.054228
-0.094241
0.000000
0.000000
0.000000
0.000000
0.000000
0.000000
0.000000
0.000000
0.000000
0.000000
0.000000
0.000000
0.000000
0.000000
0.000000
0.000000
0.000000
0.000000
0.000000
0.000000
0.000000
0.000000
0.000000
0.000000
0.000000
0.000000


iter #6
0.070725
0.058544
0.037377
-0.009130
-0.085242
-0.055922
-0.097184
0.000000
0.000000
0.000000
0.000000
0.000000
0.000000
0.000000
0.000000
0.000000
0.000000
0.000000
0.000000
0.000000
0.000000
0.000000
0.000000
0.000000
0.000000
0.000000
0.000000
0.000000
0.000000
0.000000
0.000000
0.000000


iter #7
0.001448
0.002438
0.002018
0.001289
-0.000315
-0.002939
-0.001928
-0.003351
0.000000
0.000000
0.000000
0.000000
0.000000
0.000000
0.000000
0.000000
0.000000
0.000000
0.000000
0.000000
0.000000
0.000000
0.000000
0.000000
0.000000
0.000000
0.000000
0.000000
0.000000
0.000000
0.000000
0.000000


iter #8
0.015551
-0.026449
-0.044537
-0.036867
-0.023537
0.005749
0.053679
0.035215
0.061199
0.000000
0.000000
0.000000
0.000000
0.000000
0.000000
0.000000
0.000000
0.000000
0.000000
0.000000
0.000000
0.000000
0.000000
0.000000
0.000000
0.000000
0.000000
0.000000
0.000000
0.000000
0.000000
0.000000


iter #9
-0.011516
-0.008183
0.013917
0.023435
0.019399
0.012385
-0.003025
-0.028245
-0.018530
-0.032202
0.000000
0.000000
0.000000
0.000000
0.000000
0.000000
0.000000
0.000000
0.000000
0.000000
0.000000
0.000000
0.000000
0.000000
0.000000
0.000000
0.000000
0.000000
0.000000
0.000000
0.000000
0.000000


iter #10
0.000175
-0.012733
-0.009048
0.015388
0.025911
0.021449
0.013694
-0.003345
-0.031230
-0.020488
-0.035605
0.000000
0.000000
0.000000
0.000000
0.000000
0.000000
0.000000
0.000000
0.000000
0.000000
0.000000
0.000000
0.000000
0.000000
0.000000
0.000000
0.000000
0.000000
0.000000
0.000000
0.000000


iter #11
0.008137
-0.000102
0.007414
0.005268
-0.008960
-0.015088
-0.012490
-0.007974
0.001948
0.018185
0.011930
0.020733
0.000000
0.000000
0.000000
0.000000
0.000000
0.000000
0.000000
0.000000
0.000000
0.000000
0.000000
0.000000
0.000000
0.000000
0.000000
0.000000
0.000000
0.000000
0.000000
0.000000


iter #12
-0.027138
0.018430
-0.000230
0.016794
0.011933
-0.020296
-0.034176
-0.028290
-0.018061
0.004412
0.041191
0.027023
0.046961
0.000000
0.000000
0.000000
0.000000
0.000000
0.000000
0.000000
0.000000
0.000000
0.000000
0.000000
0.000000
0.000000
0.000000
0.000000
0.000000
0.000000
0.000000
0.000000


iter #13
-0.003159
-0.035278
0.023958
-0.000299
0.021831
0.015513
-0.026383
-0.044426
-0.036775
-0.023478
0.005735
0.053545
0.035128
0.061047
0.000000
0.000000
0.000000
0.000000
0.000000
0.000000
0.000000
0.000000
0.000000
0.000000
0.000000
0.000000
0.000000
0.000000
0.000000
0.000000
0.000000
0.000000


iter #14
0.027664
-0.002641
-0.029492
0.020028
-0.000250
0.018251
0.012968
-0.022056
-0.037140
-0.030743
-0.019628
0.004794
0.044763
0.029366
0.051035
0.000000
0.000000
0.000000
0.000000
0.000000
0.000000
0.000000
0.000000
0.000000
0.000000
0.000000
0.000000
0.000000
0.000000
0.000000
0.000000
0.000000


iter #15
-0.007569
0.005957
-0.000569
-0.006350
0.004313
-0.000054
0.003930
0.002792
-0.004749
-0.007997
-0.006620
-0.004226
0.001032
0.009639
0.006323
0.010989
0.000000
0.000000
0.000000
0.000000
0.000000
0.000000
0.000000
0.000000
0.000000
0.000000
0.000000
0.000000
0.000000
0.000000
0.000000
0.000000


iter #16
0.017251
0.009408
-0.007404
0.000707
0.007893
-0.005361
0.000067
-0.004885
-0.003471
0.005903
0.009940
0.008228
0.005253
-0.001283
-0.011981
-0.007860
-0.013659
0.000000
0.000000
0.000000
0.000000
0.000000
0.000000
0.000000
0.000000
0.000000
0.000000
0.000000
0.000000
0.000000
0.000000
0.000000


iter #17
-0.009388
-0.007601
-0.004145
0.003263
-0.000311
-0.003478
0.002362
-0.000030
0.002152
0.001529
-0.002601
-0.004380
-0.003626
-0.002315
0.000565
0.005279
0.003463
0.006019
0.000000
0.000000
0.000000
0.000000
0.000000
0.000000
0.000000
0.000000
0.000000
0.000000
0.000000
0.000000
0.000000
0.000000


iter #18
0.000298
0.008169
0.006615
0.003607
-0.002839
0.000271
0.003027
-0.002055
0.000026
-0.001873
-0.001331
0.002264
0.003812
0.003155
0.002014
-0.000492
-0.004594
-0.003014
-0.005238
0.000000
0.000000
0.000000
0.000000
0.000000
0.000000
0.000000
0.000000
0.000000
0.000000
0.000000
0.000000
0.000000


iter #19
-0.002805
0.000151
0.004131
0.003345
0.001824
-0.001436
0.000137
0.001531
-0.001040
0.000013
-0.000947
-0.000673
0.001145
0.001928
0.001596
0.001019
-0.000249
-0.002323
-0.001524
-0.002649
0.000000
0.000000
0.000000
0.000000
0.000000
0.000000
0.000000
0.000000
0.000000
0.000000
0.000000
0.000000


iter #20
-0.005777
0.010588
-0.000569
-0.015592
-0.012625
-0.006885
0.005419
-0.000517
-0.005777
0.003923
-0.000049
0.003575
0.002540
-0.004320
-0.007275
-0.006022
-0.003845
0.000939
0.008768
0.005752
0.009997
0.000000
0.000000
0.000000
0.000000
0.000000
0.000000
0.000000
0.000000
0.000000
0.000000
0.000000


iter #21
-0.011895
-0.010758
0.019718
-0.001059
-0.029037
-0.023512
-0.012822
0.010092
-0.000964
-0.010758
0.007306
-0.000091
0.006658
0.004731
-0.008046
-0.013548
-0.011215
-0.007160
0.001749
0.016329
0.010713
0.018617
0.000000
0.000000
0.000000
0.000000
0.000000
0.000000
0.000000
0.000000
0.000000
0.000000


iter #22
0.004099
-0.006750
-0.006105
0.011189
-0.000601
-0.016478
-0.013342
-0.007276
0.005727
-0.000547
-0.006105
0.004146
-0.000052
0.003778
0.002685
-0.004566
-0.007688
-0.006364
-0.004063
0.000992
0.009266
0.006079
0.010565
0.000000
0.000000
0.000000
0.000000
0.000000
0.000000
0.000000
0.000000
0.000000


iter #23
0.014220
0.005764
-0.009491
-0.008584
0.015732
-0.000845
-0.023168
-0.018760
-0.010231
0.008052
-0.000769
-0.008584
0.005829
-0.000073
0.005312
0.003775
-0.006420
-0.010810
-0.008948
-0.005713
0.001395
0.013029
0.008547
0.014854
0.000000
0.000000
0.000000
0.000000
0.000000
0.000000
0.000000
0.000000


iter #24
0.001751
0.001346
0.000546
-0.000899
-0.000813
0.001489
-0.000080
-0.002193
-0.001776
-0.000969
0.000762
-0.000073
-0.000813
0.000552
-0.000007
0.000503
0.000357
-0.000608
-0.001023
-0.000847
-0.000541
0.000132
0.001233
0.000809
0.001406
0.000000
0.000000
0.000000
0.000000
0.000000
0.000000
0.000000


iter #25
-0.005877
-0.006558
-0.005041
-0.002043
0.003365
0.003043
-0.005578
0.000300
0.008214
0.006651
0.003627
-0.002855
0.000273
0.003043
-0.002067
0.000026
-0.001883
-0.001338
0.002276
0.003832
0.003172
0.002025
-0.000495
-0.004619
-0.003030
-0.005266
0.000000
0.000000
0.000000
0.000000
0.000000
0.000000


iter #26
-0.002187
-0.009161
-0.010222
-0.007858
-0.003185
0.005245
0.004744
-0.008694
0.000467
0.012803
0.010367
0.005654
-0.004450
0.000425
0.004744
-0.003222
0.000040
-0.002936
-0.002086
0.003548
0.005974
0.004945
0.003157
-0.000771
-0.007200
-0.004724
-0.008209
0.000000
0.000000
0.000000
0.000000
0.000000


iter #27
0.004307
-0.002607
-0.010923
-0.012188
-0.009370
-0.003798
0.006254
0.005656
-0.010366
0.000557
0.015266
0.012361
0.006741
-0.005306
0.000507
0.005656
-0.003841
0.000048
-0.003500
-0.002487
0.004230
0.007123
0.005896
0.003764
-0.000919
-0.008585
-0.005632
-0.009788
0.000000
0.000000
0.000000
0.000000


iter #28
-0.001545
0.002545
-0.001541
-0.006456
-0.007204
-0.005538
-0.002245
0.003696
0.003343
-0.006127
0.000329
0.009023
0.007306
0.003984
-0.003136
0.000299
0.003343
-0.002270
0.000028
-0.002069
-0.001470
0.002500
0.004210
0.003485
0.002225
-0.000543
-0.005074
-0.003329
-0.005785
0.000000
0.000000
0.000000


iter #29
-0.000788
0.000905
-0.001491
0.000903
0.003782
0.004220
0.003244
0.001315
-0.002165
-0.001958
0.003589
-0.000193
-0.005286
-0.004280
-0.002334
0.001837
-0.000175
-0.001958
0.001330
-0.000017
0.001212
0.000861
-0.001465
-0.002466
-0.002042
-0.001303
0.000318
0.002973
0.001950
0.003389
0.000000
0.000000


iter #30
-0.000631
-0.001108
0.001272
-0.002096
0.001269
0.005317
0.005932
0.004561
0.001849
-0.003044
-0.002753
0.005045
-0.000271
-0.007430
-0.006016
-0.003281
0.002582
-0.000247
-0.002753
0.001870
-0.000023
0.001704
0.001211
-0.002059
-0.003467
-0.002870
-0.001832
0.000448
0.004178
0.002741
0.004764
0.000000


iter #31
-0.000081
0.000021
0.000037
-0.000042
0.000069
-0.000042
-0.000176
-0.000196
-0.000151
-0.000061
0.000101
0.000091
-0.000167
0.000009
0.000245
0.000199
0.000108
-0.000085
0.000008
0.000091
-0.000062
0.000001
-0.000056
-0.000040
0.000068
0.000114
0.000095
0.000060
-0.000015
-0.000138
-0.000091
-0.000157