-1670341535
-1905302717
-1967412635
-1252138003
 -808906214
 -699841666
-1068748900
-1485847142
-1419140622
-1807399925
-1020502154
-1281003417
-1176239982
-1096923792
-1231187691
-1011660315
-2063980186
-1645262690
-1244168875
-1216770350
-1036087171
 -806675156
-1234772993
 1914824414
-1671556913
 -999450781
 -991470264
-1939687798
 -793699456
 -929478069
 1453502649
-2140661356
 -817845921
 -147727550
  912167416
 1508150425
 1131975610
 1422217950
 1620772299
 1752664327
  882269928
 1681604339
 1213465893
  902605279
  761998542
 1513296311
-1775921997
 1856819751
 -418509594
   91603553
-1518492582
 1054011205
  220457445
-1702987362
-1371290562
 -407894785
-1802598131
-1788644611
-1508563984
-1357229879
-1609283724
 -633040069
 -733436378
 2145537800
 1127424732
-1064686460
 1828631084
 2114599337
 1325387827
 1116385379
  740480176
  415659436
 1887577134
 1805866655
 1464488758
 1261387533
  452160173
 1368526555
 1534379227
 1084611994
 1396279577
 1118840556
  229954406
 1072355563
  941910879
-1602527947
-1239172653
 -549745339
-1287099655
-1484138185
-1874476443
-1082884434
-1036414405
-1366733332
 -359876581
 1503956688
  390014957
 -964828901
  875472546
 -540315571
  386376635
 1709750547
  999195473
  585568278
  975822487
 1609255313
 1716955057
 1409623701
  822332510
  282048258
 1564759997
-1872450792
 1689909033
  377973037
-1772276672
-1946383010
-1354060279
 -945044796
-1590292568
-1338704291
-1805371097
  151784934
 -870248405
  577213404
-1234143178
  859356114
 1848487964
 1614763272
  763756109
 1565744630
 1360776668
 1468940868
 -614455291
 1242616020
 -389708163
  420794695
 -535973084
 -911979743
 -146014646
-2079970970
 2052319987
-1672202353
    8828289
 -561555685
 1458175328
-1455266762
 -196646189
 1774783019
 1803915241
 2058156781
  533564351
 1035879814
-1303123969
 1326952383
  711546679
 -607715920
-1726440953
-1261845829
 -729555721
 -455722829
-1572877392
  976909221
 1928045747
 -563146631
   61754188
 1193407356
 1787812984
 1409608819
 1067900203
 1560145007
 1010088812
-1201319212
 1842460609
 1742683984
-1092749068
 -867838912
-1042654529
-1468331448
  740900779
-1336565268
 -234699253
  589252866
 1445296096
 1368567274
  490527555
 1513506863
  185179627
 1163434501
  411191372
  204533354
 -658056913
-1452308118
-1707485069
-1453692093
 1557479023
-1028924585
 -532712823
 -747670197
  436196217
 1578099755
 2054531276
 1431056671
 1375441792
 -664774909
 1641039121
 2129159413
-1849737689
 -407634974
 1991495828
  572004400
-1880948733
 -693263500
  386565894
 1837641199
 1554027257
 1857210666
   56701213
  832653858
-1299331340
 1278071547
 -263756871
-1164014450
-1640843090
 -120019821
 -831224243
 1890996981
-1670196102
  730891292
 1382338361
 1749435397
  367263026
  672003660
-1646969224
  289147785
 -133643601
 -920621965
 -926646441
 1027571844
-1302062269
  -78360175
 -262678097
  633717712
  121669808
-1948363657
-2069129995
 -910155825
 1715462303
 1879104342
-1547753651
-1056873111
  333567450
-1064778516
  580961605
 -699338589
 1370024043
  746025213
  537668944
  462043561
  386437693
-1790067690
 1502397229
-1471096217
-1897788542
-2106390654
 1411207740
-1755724147
-2003380442
 2065876879
 1607140096
-1703766738
-1629814883
 1104143917
 1838473118
-1728990455
-1618012959
-1978396863
 2021242267
-1245565945
 1698011862
  818974020
 1729281530
 2004650818
-1207450846
  836779049
 1104654054
-1499866794
 -640337411
 -371822138
 -400969970
-1982637503
-1059471249
-1683900959
 -211168873
  679330007
 -456122371
  300023438
 -422397740
-1594244669
-1811459249
 1088108206
-1337736373
 1755474191
 1367301532
  310306121
  953668607
-1904019605
 1083116187
  259398004
-1783597053
-1791860976
  405408923
-1272131878
-2080422330
-2087116036
 -653022858
 1469936545
  254236539
 -185712592
-1572257285
  148722758
-1633187534
  984879126
-1701779851
 1470075604
  649704815
  849144553
-1595358217
 1540362229
 -428745820
 -938163880
 -555081243
-1676694688
 1820548076
 -296423992
 1697903678
 1516967203
 1145953936
 1629296933
  177425549
 -846339935
 -632384113
-1429208331
-1458479867
 -144485366
  597174530
 1392370434
 1676981671
 1056549614
 -415405717
 -235270419
 -454964820
 1379212258
 -561924523
  -33889269
-1173319359
 1571456287
  -31761489
  227619879
-1926944535
-1684711927
-2071745344
-1069927843
 1382416756
 1223388599
  959679363
 -328727320
-1843663494
 1609167592
 -438144110
-1189903644
 1225261089
-1027954547
  366854240
 1684996248
-1306879915
-1752114330
-1832888494
 -550173242
 -577399788
 1998833244
-1249384521
  105720198
 1998144198
-2007746601
 2067097603
-1557335213
 -324110880
 -970013787
 1041586837
 -797542179
  450504002
 1371375025
 -366428636
 1658622022
  741710227
 2004709073
-1668675079
-1163842214
 1687769202
 -452567283
  680314224
 -461971696
  356780963
 -554678968
 -667100501
-1138799378
-1760808816
 -437326709
 1562154699
 -594833734
 2077950724
  785077510
 2073214382
 1728005191
-1795426447
-1943638265
-1492986427
 2043606026
  530675280
 -799970790
 1382626461
 -845690067
 -461810183
  349970620
-1014725436
  725874497
 1068921657
 -294669414
  989722308
-1951091913
 -817817056
 1310354998
 -302278459
 1062689845
  378808652
 -717852538
  932700117
-1757926676
-1565448337
 1295398804
-1666031898
-1657798336
 1919229779
 2014751966
 1413955967
  601525577
 -774079185
-1755078463
  879695018
 1246285290
 1040126085
 1835841119
 -191020713
  948147488
 -104164502
-1969480286
  828173828
  296287145
 -584639522
-1634166408
 1511460719
-1489278438
 1525881518
-2013106490
 1854724680
 1304904341
-2136018536
 -991735095
 -569245038
 -367613786
-1743689977
 1786856081
 1429587775
-1143263114
-1247701902
 1994392718
-1552483489
-1672790869
-1472939701
  714124661
-1091542310
 -625934377
-1426723640
 1583575082
  778891900
 2013559402
 1301564805
  299560199
 -818956916
 -467912697
-1303861431
  755496200
 1473075426
  267080043
 -332150019
 -806476941
-1457373518
 -710469291
-1647517986
-1835509680
  283689612
 -894920951
 -787719049
 1940736147
 -857703196
  591394174
-1346409398
 2063813732
  -22174530
-1033280945
 -126367233
 -399584254
  627639402
  911626028
 1484582590
  262977637
-2109450323
 -904859060
 -404541279
  443373352
 -706017921
  643458825
  300947200
 -644851924
-1352166932
 -751866299
 -574049915
  864880027
  377610341
-1305622615
 -146913322
 -684140036
  770687843
-1678078317
 1787750609
  104741139
-1227612616
-1513004781
-1012865822
  657059590
 1134291457
  269403824
 1363704480
  123281428
-1084380707
 1197453352
 -707659130
-2030704717
-1095654670
 1613356157
-1351390246
   12979567
 2103509634
 1142458574
  591273407
 -553404902
-1957215398
 -841722663
   30856389
 1149904857
  843749323
  774138558
  314158044
-1665192085
-1971099161
 1078408406
-2066726313
  839902373
   95687453
 1971518878
 1781256658
  381324879
 1625707500
-1443386398
  222490354
-1984695804
 1480070817
 -309111094
-1508574619
-2026413500
  496747527
-1967347525
 1652228953
 -788091316
-2126725068
-1937191912
 1011002921
-1992099632
 1596470929
 -127290878
 1937754535
-2081319169
 -201352418
 1769578782
 1881687989
  290806954
-1687742798
-2075709592
 -333727660
 1483074964
-1734919096
 1554574447
-1919624208
  542757641
-1661132153
 2134919278
  354100715
 1823225883
 1365274490
 -880781824
 1069999188
-1143371396
-1281545864
-1228097991
 -734943799
  696583995
 1142468492
 1497361194
  306157184
-1203073862
 1422750398
-1713969729
 2129934215
  515563907
-1589355953
 1283369373
-1243921726
  913861087
  697414692
 -455117785
-1611338816
-1504046189
-1107716650
 1939847214
 -749015065
-1457260745
-1663315398
-1679556709
 1478775534
  201246456
-1148664754
-1501171452
-1388376808
 -650890347
 1593470641
 -403852447
-1425422718
 1136706659
 1339649909
  810029347
  785967566
 1186155816
 -688495802
  762468434
 1345320407
-1570467588
-2061759712
-1160646276
-1079845832
-1554348904
 1626819720
  835369745
 -989739838
 1324205898
  466913869
  296812595
-1784508224
 1318936118
 2100499716
-1458733447
  143224555
  434599868
 1402798466
 -257326171
  180804770
  876140644
-1269098613
 -784592349
 -136107438
-1833751080
 1905296367
 1226887921
-1982021043
  326774844
 -486952216
-1686278537
  529883733
  686327256
 -733994008
  482135758
 -241810511
  966252760
  309982784
-1314742503
   98351645
 -293367412
 1037123456
  410282079
 -788598791
 1097811343
  -82108518
  -60773516
 -926023642
 -667580293
 1563292210
 -414305016
  136940359
   23912641
  330981785
 1143494001
-1250944581
  373859495
 -122571665
   65289614
  360888186
 1653714864
  518737570
 1674890298
  137329265
 -443751320
 1708456050
  879135342
-1224148015
  433686518
-2141965479
  753064313
-1769920264
  131450959
 -324330908
  -51022268
  -92417102
   48572615
-1292590986
 -604872993
  631114864
-1163450003
 2127074376
  -31388127
-1582634894
 -738470346
 -569156818
 1436587458
  771182063
-1894764459
  369259130
 2102671203
  760366746
  737649134
 -415707978
-1185762078
 1225719265
 -460648552
-1632233702
  -32773659
-1140898797
 -171983804
  785200149
 -198577435
 1184333029
 1746860190
  194435272
  558848494
 -157887860
-1224177366
  367782929
  -73776939
-1630121459
-1076709300
 -279771737
  636867313
  324919860
 1936296011
  -33694795
 -614205020
-1579884510
 -604427609
 -121787695
-1252814959
  246548927
 1725831182
 -464242376
  925452515
 1860780544
 1524580185
  539489729
  857569467
-1390972647
 -793975443
 1893287984
 -667480782
  129687102
 1778295150
 1651631442
  174921668
  146900027
 -682484824
  450147623
 1561349910
-1981197953
-1364938697
  -95096247
  -38165485
-1611626448
-1931554328
  -32184312
 -514095863
 1224819933
 -196230807
-1564156471
 2126298490
  942214402
 -291333381
  795580243
 1928858743
 1980507076
 -903320633
-1015465295
   25368975
 -465392109
 1018240737
-1357703550
-1204877921
-1219590184
 1327263337
 -537112745
 -356243426
 -879501426
  184575029
 1566335614
  703224200
 1000889230
 1287829510
  330015777
 -472136396
 -948881130
-1006923027
 1331114002
-1309202572
-1417102317
 -173240686
 2118662104
 2087285039
-1369582546
  436874679
  269028113
 1028633807
  185865070
 -574639184
 -379096159
 1629090859
  904287377
  715096113
-1673201938
  421320334
-1610215834
 -960372008
  497112377
 1354185033
 1007622064
-1639037292
-1697143789
 1829102052
-2037211337
-1819928561
 1777397577
 1774755812
 -484830590
 2051094178
 -561288061
-1971972245
  325399570
 -992048356
 -367970585
 1617812576
  922535060
 1761510552
-1644020383
-2063508989
 1866472461
-1926317687
 1443206309
 1785170423
 -789453425
-1915998614
 1765036490
 1053100284
-1458036429
-1274854028
  801696600
 1573027419
-1057869900
-1523591390
 1348577331
-2092275294
-1756184552
-1811490085
 1564292695
 2000936527
 2134661745
 2103137901
 -999809679
 1920481492
 1038509500
 2021078607
 -474287968
 1850692101
-1127392640
-1411874534
 1911064617
-1536135697
-2102970212
 1711793484
-1310216475
  912351794
  293209104
-1493764268
 1038190115
 1213070669
-2000809626
  -97168908
-1680647820
 -696819811
  480674317
-2116193888
  318224302
  742033682
-1414552139
 1370081703
 2098900126
 1257168103
 1916143407
 -477728740
-1863763430
-1172287286
 1929988164
-1449188749
 1786159073
 -679743795
 -254520081
-2038902649
 -609548477
  966877035
 1837535222
  906697392
  746305840
-1556076745
 1522160405
-2143612259
  194334413
-1876590990
-1779164858
 1875547305
 -347476967
 -809642589
-1525015789
-1468230849
  -68834541
-1141164409
 1580945681
 -849752688
 1610701595
 -466900221
-1525353682
-1533089345
-1560885471
  479071946
 -449435918
  397137644
-1233227769
 1292239630
 -493267747
-2063313312
-1348169850
-1582116054
-1636691312
 2012770293
  538958681
  588968492
  641177127
 1804206337
 1347704763
-1604840111
 1802935690
 1069350484
-2109406470
  217261444
-1616742871
-1031691762
-1306064477
-1314812831
 1579302577
-1613239821
-1203632180
 1877106844
  549690316
     -50912
  656318263
-1470452156
-2007538781
-2128837519
 1646087981
-1984841728
 1891701725
-1683113937
  686324806
 1254444676
-1997252211
 1104284428
-1905628207
-1712783054
-1096052711
  826312149
  912343212
-1425806622
 1329482397
 1999661381
 1418168789
 1810363518
-1828697312
-1913827149
 1213415979
 1229949313
 -600547815
  659450685
  808668480
-1142386371
-2117526571
 -624257173
 1497718535
 1690347636
 -821432891
-1424722753
-2123109572
-1931363123
  -45735024
 -532479112
  376606553
   66003585
 1469352813
 1800710920
-2096662177
 1602905077
 2008014440
 1890069425
 -420243162
-1357136562
-1695140210
-1902049310
-1917107863
 -538445417
-1081273619
-1899262291
  922526834
 1384799340
 1246307469
 1914406352
  838779440
 -936778288
-1655426289
 -979029050
 1861693169
-1558017534
 1583034037
 2104902603
  492130863
-1474231900
-1272926761
 1745548125
 1851791999
  -20522210
 1536777591
 1349525993
-1051523197
-1575382256
-1735593732
-1304256039
 -440832593
-1051379965
 1786230714
 -119096984
  299623743
 -862430320
  904544218
-1797247389
 -396131712
 1558711804
-1972391496
 -184654732
-1997760565
-1538709890
  305824363
 2060655261
 -892393355
 -215558402
 -734496692
-1071580269
 1579818368
 1052379857
-1275913029
-1379568778
-1974314528
 -907916953
  182269653
 2101138097
-1397050636
-1707197160
  129245277
 1714553363
 -900395494
  488846433
-1620944012
 -569350467
 1487628218
  457610726
  690928000
-1694276053
 -686076058
  561936669
 1816356428
-1192374372
 -243466769
   33043436
 1359115959
-1731499291
-1123691094
  591648987
 1577256585
  123548143
-1370770219
-2133447835
 1582461017
  720800640
-1148603551
-1589599088
 1815343250
 1866915632
 1279729850
-2014177529
 -975121480
-1574332364
 1659954931
  940776884
  862135472
 1070478872
-1642486570
-1168114667
  716991849
 2089366802
-1442121040
-1197108544
 -332244414
-1752665027
  786128620
  705604089
-1710679738
  315770742
 2139773364
-1898705545
 -498425442
-1277166533
-1526276881
 1978755555
 -589618857
-1351612709
  935043585
  705483184
 -428109231
  269136905
  -59899940
-1112329167
-1031011725
 1010073849
  511698844
-1510091635
 1235112380
 1428004914
 1765837539
  312351288
  886881756
 1997855425
-1855400250
 1816278964
 1268808688
  838312830
  871870409
 1590724185
 2035079152
-1996671328
 1251315107
 1316396437
 1999629762
 1108664535
 1621711941
-1890067908
 1354753689
  374811869
  257400839
 1476357044
-1742532711
 2057516983
 1124527171
 -379665115
 1310964934
 -699174054
 1038243933
  219228819
 -659931852
  552170758
  -57695918
  658228906
 -910846101
 -519517442
 1626899841
 -582498458
 -958775326
-1704659921
-1501820304
-1903673999
 -198113369
 1248972452
-1916390802
 1348166445
  482187156
-1356290419
-2041481569
-2062629880
 -452018620
 -861197040
  398745250
  383977432
   95254991
-1180390872
  933236950
 1339548194
 1217397176
-1814260994
 1653234766
-1170791329
  -19912080
 1498944705
 1559748296
-1484477017
  -99425471
   -3548429
 1939120639
-1361813388
-1467438534
-1266493511
  699942339
 -952225139
-1865123411
-1689297014
 -311450374
  -88286359
-1074523640
 1018706665
  701673603
  307934648
-1208637251
  224353173
-1890536934
-1723476976
  186604722
  236120895
 1700824413
-1702806382
-1553322018
  583104380
 -426939459
   -3436100
 -832136752
 -336306230
 1234334884
  315288609
   56011952
   -8732724
  869835359
-1947286882
  -84317903
 -994266098
 -644915152
-1842338688
  816675664
 -103419871
-1968426446
   86426308
 1470006325
  735841587
  441108567
   14855772
  284645692
 1770383802
 -164172481
-1524469925
 -108091306
  355375832
 -597484530
 -662787953
-1044119883
 -971992605
-1958278695
  511910648
-1691134527
 2094479714
  -67176368
  572828639
 2025861161
  986544763
 -587482543
 1638940694
 1051367092
 1401545104
  507395168
  405875910
  817395769
 -716444502
  311361254
 1152742642
 1452569700
   14388196
 2009840702
  571271220
 1191043029
  752583086
   21641184
 1838053499
-1091641175
  105028742
-1097815025
 -411388490
 -413121390
-1621315345
 -898110918
 -750753079
  515780276
-2013079360
 -803124765
 1951562892
  740677060
 1699961879
  618997965
 1327071654
    1263203
 -232929509
-1111312219
-1617046204
 -418315381
 -181314572
 2092359575
  676928211
  269420435
 1306731246
 2074693657
-1612448502
 -336328040
 -319189042
 1949326949
 1876134040
 -568374751
 -632905768
-1832024619
 -713494929
  978668733
 -346012113
 1901547376
-1915843339
-1171606930
 -775760621
 -147737331
 1554572933
  332640221
  778670548
 -686332699
 -714933620
 -678630597
 1981566985
 2032475640
  423565380
  367651244
-1921670467
  898898757
 1260129662
 -499370183
  847204426
  -25799167
 1537517800
 2068064822
 -988944604
-1844409511
 1514069778
  -54090093
  386800835
-1877521598
 1501523796
-1800932863
 1687452719
  538810585
  554414195
 -201638720
 -437620239
  -27266044
 1953445243
-2091934064
-1781135492
-1818672332
-1082614134
-1374081466
 -102860009
  537243394
 1954362074
-1869678557
 1515256318
-1975267011
-2121557776
 1378904112
 1445219930
-1766434825
 1005586577
-1527388062
 1820262726
 1519748272
 -902400493
 -172272579
 2081348663
-2134064815
 -551873473
 -396805683
 -243973264
 -858741452
-1537231197
 -764818511
 1612195070
 -602696154
-1533244113
 2003914231
-1657025146
 1071156388
 -724164609
 2105069355
-1220053706
 -739283785
  792039709
 -136838568
 1687617913
-1978733486
 -573975434
  -35950739
  189807636
 1839865943
-1504340790
   44704624
-1577290052
 2012512545
 2085778298
-2093721122
  588530297
-1197652428
-1566315082
  178077926
-1607260915
 1296665147
  514024011
 -941859297
  558189211
-1427420196
  875438640
 -735285725
 1512836161
-1437059372
    8471637
 1373541234
 1968897884
-1030968551
  346884444
 1598567081
  621829102
-1793862328
 1411990603
-1989222433
 -735157997
 -615706385
 -922873230
 1811183831
 -473819367
 1644000862
 1119623195
 -384439145
  898185076
-1037216122
  -60678067
-1049887950
-1285357936
 -314695660
-1176291158
  690798912
 -276828448
 1708021108
 1520344281
  786810482
 1860779877
-1248714152
  -97637063
 1661580433
 -923302229
-1469092746
 -425636341
 1672871109
 -615540565
-1679975133
 -166598933
-1578716394
 -315755583
  144402931
  913566802
  210061120
 1109607794
  189975513
 1230899845
  177901249
   28604387
 -133155337
 1042777126
  858258789
 1623846302
 1963255151
 -198587320
-1123927537
  277365833
 1526029955
  517781296
 1640902737
  824292161
  305997704
 -540035074
 -401809285
  789937740
  278217254
 2111626839
 1651489462
 -329695895
 -491968431
 -195381124
 1819764788
 1747644401
  291315606
 1188673097
-1021628255
  249532660
 -342305484
  472541504
 2020391372
 -383667794
-1130659420
 -842726711
  457768989
 -450501746
 -211166257
-1170098805
 -902998560
 -311513691
 1334526332
  119360961
 -554809382
 1024736601
  260129338
-2066806534
  692307327
 -808680623
-1609923870
-1092664374
  791893554
 -101811368
 1209082618
-1773224443
 1377275626
  486157405
 1320800782
-1972085175
 -926397795
  426061977
-1024763447
 -169878649
-1560717480
-1007059726
  419191807
 1195266925
 1639365846
-1717475443
  932864256
 -202797665
  183752734
-1191291675
-1323012100
  712489682
  513186583
 1928324110
-1638350903
 1014757728
 -575789616
  263010271
 -939333444
-1474579387
 1238392767
  -63103198
 -722632463
-2141795422
 1337040112
-1450512561
 1447867689
-1348462420
  867549285
-1694541264
 -889534642
  153011594
 -265441178
 -973713157
-1449332869
 1266766209
-1000719575
  704768927
-1982437164
 2078221705
 2017164724
-1146693193
   77799342
  797551007
 -817138217
 1239119715
 1684355814
-1544463746
 1524183408
 -719878164
 1823979173
-2087857580
-1614090574
  -62448853
  565194346
 -785234220
  447926871
-1623079617
 1552140330
 2058483939
 1658539814
 2029900954
-1482655782
-2075168522
-1553875861
-1190907257
  -22238582
  -87752467
 -293156053
 1066446431
-1407101251
 1162658321
-1910578738
-1905007864
 1983561358
-1885891130
-1792280157
 1265129446
-1729734026
  794455403
  184461114
 1065279689
  547308604
 -986581100
 1497995737
-1748421023
  951357251
-1656803958
 1657443570
-1633695244
 1023071061
-1673153366
  905754080
 -102649167
 1123511231
 -623901510
  204011767
  458038404
  -93573795
  452511666
 -138318840
  703819650
-1479257299
 1230202424
-1245176591
  456657223
 -372311266
 1627871377
 -191778551
   92666709
-1304399369
  194428131
  345743060
  744505823
 -567202139
  161104733
  -32938658
  294064188
  258070941
 -752772363
  524144237
 -144914170
  -56994054
 -330141526
  958722409
 -953712510
  365908178
-1111416350
  997213267
  224084348
  173483488
 -894916447
 -603559833
 -354501094
  134476706
  340140314
  446967569
 -467608393
 -448791739
  -84600527
   67360408
  165173568
 -851963264
  499015115
  -16298159
  628127265
 -789466648
 -300472412
 -143809048
 -375856489
   51069134
  136698743
  684136380
  173409533
 -103981966
  390234823
 -267375862
  176145095
    6642438
  164707397
 -583586763
  127273777
   42069261
 -281681753
  235712455
  460738834
  346051146
  -56110604
   90120341
  154273480
  -59169187
 -564357170
  144424625
  -75656861
  -96545712
  188966314
  970099057
  123131925
 -886608815
  146399674
  566985423
  242082304
  -89250813
  116457584
 -669388687
 -352153949
 -120191515
  -92015233
  354508776
  -32807798
  100306071
 -678615224
 -573020871
  229658753
 1238751131
  436122882
 -148378439
 -487555001
 -777050138
  416607717
  629791929
  330171691
 -411642926
 -554382223
 -120903256
 -489349052
  448057965
  142568436
 -844439962
  225406835
  509944731
  148119417
 -288237387
 -517079458
 -291278655
   54263523
  249402097
  367295878
  -10950511
 -506394385
 -378922606
 -126209649
  317958012
   29575322
 -717354986
 -398081144
   70930923
  800932337
  254812734
  -15326124
  182393819
  -21805168
 -365017874
 -749796820
  297271771
  190985116
  247671985
  437150122
  108348346
 -167423464
 -357832786
  529802687
  384949219
 -337790431
 -255387142
 -454748459
 -301291349
    3181879
  287031469
  372997956
  366874134
 -226284142
 -554182910
  212780947
   87143518
 -509561960
 -136849933
   17891694
  -66876251
 -136153931
  169920093
  -10381460
  160409109
  437836189
 -464894200
  819965457
 -304581908
 -156313117
  -66011020
 -521176913
 -167455325
 -607791097
  525358710
  520389814
  343873732
 -415837228
  948526692
  382451418
  -99658901
  261359781
  175906483
  460590980
  -95910976
   40468790
 -240966811
  -53141062
  -73577666
 -281242464
 -182767811
  294255194
    3927567
  109853091
 -889926140
   65103709
  537170977
  490779540
  994365979
 -583472863
  279165993
 -486078373
 -648537489
   74132489
  219862153
   -5468883
 -128110855
  477853759
 -315559594
 -547384176
  120515837
  450151945
 -251321398
  -24913170
  140429283
  109316107
 -284414933
  155209355
  355110406
 -389250359
 -336343003
 -602212599
  360218754
  237155336
 -159417807
  234595274
  144095767
  -27582566
  333928047
 -197763310
 -587157006
  -42040536
  458574648
  611569582
 -274591072
    8615094
  379081012
  -95454298
 -552933269
 -503683611
 -115141336
   34559951
   83799258
 1203032318
   28025216
 -785702368
  178968065
 -100805047
 -751442630
 -359379891
  502041624
 -209145745
   27610556
 -418262444
 -319770409
 -153094819
  -73578903
  452562564
  567411803
  375268757
   77342027
  115342724
 -520697584
  161196670
 -227204363
   94834818
  -65374449
 -384000850
  436245013
 -182558383
  710431164
 -122499574
 -874958266
  -88130510
  356163191
  325331837
 -253437740
 -231419905
   83664102
  312933507
  -68103350
 -238979314
 -326423606
   14230927
  334564494
 -390759968
 -241332632
  736733279
  196238351
  502911279
  289028769
 -148830125
  150083965
  117904940
 -298759272
 -320428557
  507898590
 -103853657
  -89407716
 -243623843
 -109361427
   43967874
  322999532
 -176250448
 -876324704
  398193475
   49596737
  125183349
  220495492
  175513734
  250464647
 -527151072
  170372768
  670394450
 -289488410
 -622085415
  233278529
   77169446
  -19981453
  324120667
  115682484
   94344630
  527066042
  479877079
 -143814779
 -833311635
 -273199683
  608600945
  317515690
  351258416
 -543639664
   40157751
  514110804
  -56546267
 -358263742
 -560862869
 -197888071
 -292723198
 1197793482
 -271824166
-1189168126
  469168307
  142064397
  -57446698
 -730673937
 -725526294
   95267618
  289753089
 -480563627
  473692000
  872081802
  -86390932
 -627538859
 -714459863
  470637021
 -755858855
 -357267130
  393449416
  358644036
  463735772
 -572108011
 -142952925
  153187081
 1167832621
  329718186
 -764663398
 -643126316
 -202757544
  235066044
  414417835
  297627308
 -364430395
  578739104
  633858380
 -245304606
 -340069697
 -735498589
 -768297574
   97538429
  422825669
  671507923
 -133957645
  -39268338
 -286732959
 -690234957
  -41787028
  340572760
  577050521
  -56328339
  -28498556
  180325726
  240638560
   39005147
 -196990009
 -541907462
 -409804715
  357043685
  550788657
  736066601
  345345266
 -203767863
 -574955772
  -97828640
  354503870
 -250798730
   97819226
  -84619222
   33521515
-1028476657
  -37797878
 1134453329
  439041511
  427741838
-1047592432
   87490622
 -188430307
 -405801360
  120312824
  433209215
  908592567
 -505342294
 -224992424
 -251940942
  258086927
  334859809
  -17000071
  260647364
 -344515376
 -271766836
  148740916
  467887377
   87647475
 -416621544
  157253477
  -31344384
 -701267704
  -58519352
 -156611725
 -236019601
  448579986
  268809855
 -325442444
 -211894276
 -461353324
  -86937765
 -346171374
 -257041262
 1046502812
  500374358
 -449016321
 -728225525
  200373693
  106819741
  -70399196
  368904022
  284118455
   -8778273
 -449519655
-1172537749
 -222521663
  371382576
 -442513666
  195295447
  257494587
  387253525
  415165612
 -327565493
 -321064038
 -597275961
 -582151903
  218984491
  395589375
  921315525
  199324519
 -751524430
 -699840021
  394956894
  318770513
  632180384
  590433492
 -936678153
   42767663
 -141621615
  505912240
 -266609273
 -291586524
  802694482
 -204669560
 -209295233
 -977477607
 -573863805
  629866517
  645156054
  544100095
  142875789
 -594628283
 -145576034
  -73529376
 -226202266
  677921931
 1227821185
  230692931
  319422862
 -649991441
-1169084447
  180500380
  339178742
  531957148
 -344912412
 -358574266
   65267351
  776804997
  528087075
 -417357799
 -636699198
 -805899915
  -91840118
  409358286
  -22787738
  262786886
 -103109038
 -120500393
  125025780
  112415209
 -576706056
 -657478231
  552855712
  352519425
  963782425
 -858368735
 -484242100
  -30683765
  221106557
  644674291
   54680445
  619064406
-1525543461
-1182658146
  656851586
 1188560505
  346171111
   48474608
 -186451224
  159236326
  310126634
 -531735392
 -355688907
  220111562
  214613513
  -51814212
 -102613642
 -711881810
   49900398
  256768788
  213844828
  263283313
   47045621
  -80606916
 -292558203
  184649913
  458222133
  465159442
  209969241
 -165805047
  159318585
  364210950
 -396593830
 -586073839
  658352494
  976597101
  261718437
 -276041852
  -72026318
  324357521
 -733585745
 -754113518
 -326919800
  324844448
 1036442231
  524616198
  -88985559
-1129561285
 -757501891
  123246004
  932543189
  914930183
  528797036
 -911438450
-1644698155
  531251590
 -398646507
  233249827
  691189538
  619288011
  800276602
-1119781257
   61189854
  344511460
 -297601832
 -842264869
   10325387
  957668691
 -145529403
  174960052
  -27372352
  103197211
  132280586
   39792270
  -21733523
  -45765296
  346899604
 -171687221
    4948778
 -534553865
  107051007
   55067724
  353026965
  240504229
 -199670300
  328711718
 -477877260
  160274968
  223514675
  924902130
 -634998302
 -530964805
  439830525
 -733936486
  258013622
  884916119
  865282019
  385897797
 -530126051
-1328256421
 -487315692
  186327607
  772826252
  508069138
 -175889413
 -174675556
 -361903191
 -553347473
   36110216
  199660022
 -340883937
  343344235
  697194155
  142194021
 -453939434
 -560756879
  -78564750
  451110657
  246594662
  483509175
   52605722
 -371472328
 -701953982
 -546626297
 -215137711
  -80113606
  344964428
  135376303
   51400793
  243953900
  191655622
 -280860620
  396835580
   -6464665
  -57089297
 -279663377
  -40472687
  423964134
 -102502669
  851798617
  -98937817
 -985271286
 -518712565
  709699813
  327038576
 -953756898
 -416871138
 -482231952
  159196559
   11097403
  533064170
  909095438
   -1662191
  298554686
 -433968562
 -337631139
 -184754394
 -230199304
  290207313
   76352492
  471354747
  141736543
 -352806846
 -172964436
  254855032
  131123243
 -501911161
  344089723
 -251460460
 -361522689
 -135705666
 -273083166
  324055745
 -298957568
 -146895328
  829849424
  206646295
 -536702266
   23654507
  233767922
  915079042
  522759895
  -93927341
 -602149923
 -367047630
   60923271
  132109801
  125730015
 -701108665
 -322371543
 -107820927
   15882465
  134808508
  -55378631
  211524572
   66509832
 -158921170
   82036639
 -417289040
 -483546166
 -219575193
 -360463050
   -2285800
  424798520
  375959013
  305923150
  509760823
 -652153011
 -321841106
  232612525
 -222729954
  323960117
 -340955745
  394744190
 -222338661
 -223167747
  335149026
 -352347022
 1159095436
  -30134212
  -54351266
 -299354231
-1008369635
 1001584176
  653009341
  161030778
 -220931699
 -379842163
 -132514773
 -122636246
  111599792
  -16662748
 -371049430
 -441543586
  158187394
  323933536
  328881250
  425195754
   17273222
 -485697719
  108135014
   87852269
 -446471351
 -156824904
  116876032
  297346209
  512455848
 -164331882
 -191688316
  197784662
 -550637609
  231707174
  688667819
  155674555
 -586805066
 -707366770
 -585261618
 -606106374
  811762307
  126649822
-1030549584
   -4114547
  648952083
  846715899
  406672609
 -229316161
  211029996
   21105814
  117370021
   59825028
 -304672126
 -311538124
  -73012771
  337174851