-1670341535
-1905302717
-1967412635
-1252138003
 -808906214
 -699841666
-1068748900
-1485847142
-1419140622
-1807399925
-1020502154
-1281003417
-1176239982
-1096923792
-1231187691
-1011660315
-2063980186
-1645261884
-1244006352
-1216172877
-1028950088
 -796608934
-1232274749
 1918314370
-1655516341
-1040765538
 -943967173
-1883690478
 -720360375
 -888756580
 1386567928
 1990530636
 -837425112
  172222439
 1065430008
 1311873195
 1183755951
 1534807939
 1765454009
 1639154475
  770727864
 1549394238
 1405100565
 1155422283
  666835525
 1199217645
-1771392821
-2075082951
 -261449509
  -67897237
-1524194078
 1196755629
  179459626
-1610058785
-1359586432
 -711309701
-1743528957
-1521091281
-1550384650
-1708406820
-1652694125
 -589980047
 -461080998
-2058388711
 1145770643
-1115108440
 1851773595
-2120496570
 1249878450
 1142262457
  619119333
  235059484
 1971711878
 1762534512
 1297193652
 1186950846
  365732940
 1375219186
 1574555147
 1213604200
 1444109418
 1123092505
  203810361
 1127419580
 1104332817
-1542267401
-1327823849
 -525061451
-1200820844
-1436811525
-1817871739
 -993162252
 -923540052
-1428271780
 -366090281
 1468904523
  422583332
-1130897455
  791448071
 -640717443
  498637376
 1711965235
 1102640430
  562523485
  796125406
 1549175853
 1771999544
 1535711563
  876725982
  373383567
 1627884367
-1939141802
 1603656056
  426753609
-1759806234
-1853847991
-1160283624
 -971933611
-1657540144
-1366121891
-1693847672
  328932126
 -813370682
  531396810
-1184129344
  917450314
 1803270082
 1416093816
  781307881
 1715512740
 1321870475
 1255697054
 -645775926
 1426868610
 -233268292
  280441563
 -618263251
 -838581227
  -91886572
-2042514054
 1884051842
-1798417611
  -29128379
 -382560061
 1468531439
-1743306119
 -448530590
 1823464657
 2014093114
-2126976808
  385847613
 1104143115
 -860950357
 1379251808
  470612599
 -549006524
-1656930056
-1122686330
 -713862752
 -426560280
-1526766830
  920485503
 1752312968
 -568642766
  217234971
 1211570311
 1847306274
 1291381386
  923880532
 1491472627
 1058877683
-1109555082
 1982535987
 1803237129
-1148366080
 -880590914
 -877436647
-1356484725
  967914674
-1179383071
 -309885666
  517497029
 1398852439
 1517266260
  422955580
 1343091552
  199530889
 1279693143
  412473227
  109218592
 -769621688
-1278946603
-1425622481
-1457458033
 1493319654
-1048630751
 -415395380
 -751907765
  580247035
 1616685334
 2113120675
 1408307356
 1082538485
 -713479724
 1940505485
-1862334703
-1942186043
 -627459927
 2003699543
 1009808632
-1270728054
 -465666812
  115460209
 1541383761
 1340712563
 1703435255
  246035170
 1121241891
-1154216735
 1246817735
 -444379958
-1222214296
 1831574533
-2144528974
 -890606348
 1786954313
-1688467911
  257993297
 1937689107
-1964002286
   49572056
  929932754
-1703624078
  288628516
 -172618178
-1025528670
 -904560092
 1129364213
-1301229873
 -222789457
 -298977492
  668654580
  133886643
-2041662682
-2146925167
-1024707697
 1683494888
 1674873402
-1464516018
 -873268353
  400687957
 -902842617
  777715399
 -740131157
 1268512774
  626369783
  597655994
  552650163
  493960444
-1803761566
 1327132052
-1522340275
-1925527194
-1960604952
 1342068030
-2136772671
-2120287440
-1942158091
 1949407153
-1512069237
-1562368491
  823780514
 1658812642
-1771323405
-1759493847
-1870426014
-2054630009
-1539510844
 1388464708
  755387805
 2128436620
-2044193478
-1465905678
  537819588
 1127862431
-1135399119
 -358995391
 -425387608
 -456745909
-1900078398
-1121714160
-1873070792
 -235372359
  740690894
 -421725533
  262729174
 -422444093
-1562432962
-1763133738
  910737999
-1418274562
 1856031106
 1412944618
  189463133
  987838665
-1813060285
 1052817216
  220946004
-1741634409
-1716573007
  255232355
-1310014987
-1789000468
-1976793860
 -671537422
 1328417538
  -79384960
 -147830455
-1488249936
  284021022
-1457424142
  973229023
-1754557299
 1503362596
  623887702
  871390183
-1792434069
 1572309465
 -229370580
-1138397857
 -623987910
-1378661046
 2054723428
 -131030443
 1765979938
 1320205711
 1015583623
 1609232867
  -18489344
 -873223126
 -435653506
-1127497515
-1485476582
 -222999601
  706274933
 1430352677
 1513613001
 1175322890
 -290709325
 -324600856
 -654081523
 1348457482
 -355658433
   -8151387
-1299188711
 1487593332
 -185352444
   76280590
-1744160397
-1507705574
 2068124363
-1135247650
 1325789608
 1088761659
 1001308676
 -173087134
-1827523215
 1558269969
 -286375820
-1173551721
  845147523
-1004498098
  554927152
 1698766328
-1482859640
-2069480177
-2121745838
 -314582090
 -472781834
 2004093878
 -996974978
  105720198
 2018406010
-2063598223
 1995836702
-1492091185
 -279868796
 -841758564
 1030652305
 -935201632
  405029597
 1451295500
 -373554301
 1572125750
  747529829
-2109342911
-1361974267
-1183322905
 1708008059
 -373985513
  623989737
 -579133708
  306947492
 -592509418
 -687129569
-1138360610
-1692483607
 -336617338
 1543629029
 -530810869
-2135696273
  533613826
-1925693249
 1819134873
-2126670309
-1999304056
-1210478713
 1716494262
  339990241
 -754067040
 1333791215
 -609293456
 -504644357
  241075878
 -935625125
  616657483
 1060889335
 -275689109
 1024939721
-2005140028
 -795072185
 1184712605
 -119498293
 1088665731
  345540053
 -744795655
  765466601
-1765813041
-1488619601
 1027691240
-1949753323
-1729054155
 1929379826
-2117871488
 1584571650
  506322380
 -769398370
-1748678247
 1130381742
 1307903355
  654199413
 1411454238
 -142914943
 1152536586
  -67231125
-1983772086
  774389579
  348013279
 -631795688
-1530634132
 1459154606
-1596565500
 1668539458
-2055911197
 1815973001
 1435493944
 2033439847
-1378973906
 -641562165
 -467227382
-1674753758
 1933241079
 1337302316
-1395117384
-1191381541
 1907821560
-1435852259
-1661360636
-1684351617
  768689796
-1112933731
 -560512271
-1225613406
 1502001218
  595180149
 1986953700
 1186015423
    3171087
 -959576497
 -347579821
-1236011826
  724330026
 1473075426
  267080043
 -294945411
 -635662730
-1538304774
 -710469291
-1447401992
-1631521104
  248732859
-1100365442
-1103219440
 2007066026
 -592517405
  703679914
-1168215970
 2010489404
 -183186744
-1067080845
 -131928815
 -497331118
  579270165
 1007431030
 1570401176
  377139333
-2010393446
 -829038747
 -606228466
  339043090
 -726235387
  632217743
  306962698
 -558115213
-1304783966
 -768375773
 -509435550
  926384327
  421582987
-1468587055
 -173318416
 -619507012
  699438483
-1749204726
 1780547402
  121076838
-1150465059
-1627364167
-1152093117
  728324733
 1375972572
  358907643
 1284824589
  -70125519
-1155417449
 1201527163
 -900620132
-1958289292
-1005683634
 1761811701
-1430291088
   21360506
 1979241696
 1359052949
  949175266
 -712154644
 2133792280
 -788030831
   29900074
 1218062825
  638331166
  621622633
  568962105
-1581715543
-1834048206
  792863419
 2081502332
 1345772001
  291617700
 1608105625
 1786972162
  414384830
 1580649843
-1551540311
  -49479148
-1917544288
 1436238581
 -524388894
-1442620546
-2062129729
  540432562
-1784761780
 1521813770
 -851109535
 2130511390
-2122840458
  972857244
 2119459893
 1445084204
  106070741
 1998709181
-2081319169
 -178879309
 1687538351
 2022830942
  360928051
-1943541435
 2014398272
 -464891280
 1566304218
-1536933477
 1620154874
-1849193240
  624982031
-1611419357
 2083881943
   36744414
 1663249942
 1608995028
 -818892170
  989498000
-1186394160
-1184158744
-1402339631
 -607521034
  961299247
 1126347544
 1074279224
  343421349
 -883669054
 1582912802
 1911827271
-1774867020
  148448718
-1281004939
 2044969941
  225866391
 1694000790
 -110811786
 -906311182
-1683367116
-1652168602
-1187888167
 1836255606
 -917617514
-1424929697
-1460395668
-1648714341
 1571720202
  252851422
-1106574379
-1377602038
-1078677461
 -864481869
 1103966866
  -81784411
   32588872
 1421331516
  828247441
  597373736
  658858576
 1233906120
 -603871977
  832711531
 1380424598
-1465680448
-2105811243
  152018413
 1454533751
 1456645732
  915120773
 1304541528
   37428391
 1324205898
  438537043
  296812595
-1757464717
 1356540049
-2050004417
-1421252027
 -126347269
  215267096
 1449459446
 -324801683
  195325558
  869944000
-1158635904
 -678647098
 -185475232
-1883184284
 1802207137
 1318137812
-2098638071
  101142787
 -486952216
-1731553460
  543956289
  615142520
 -698494069
  650440387
 -194429457
  931031739
  183241616
-1307116156
  116199037
 -219506341
 1197191664
  524363416
 -813326386
  965042478
 -170352506
 -113328967
 -949725280
 -695146658
 1579499855
 -476846235
  246791464
  282292664
  355477616
 1055143000
-1275277377
  370020543
  -91091225
   30435579
  316233828
 1667610703
  495148048
 1694826043
  174848851
 -588446796
 1564757174
  940275195
-1272557406
  425584433
-2078240112
  899216604
-1679774969
  130019634
 -449715617
  -38820040
  -94793642
 -157314814
-1315033968
 -526494874
  702734611
-1122004041
-2082468068
  -31388127
-1835132469
 -553539721
 -493616929
 1412596387
  771182063
-2065375786
  460437578
 2140552287
  654636008
  936193551
 -155764757
-1013280985
 1250676344
 -549811192
-1772124781
   10709295
 -999957903
 -240343053
  738312641
   37287017
 1189522090
 1525362148
   49357878
  478640930
 -131743029
-1021305389
  393339944
 -297069288
-1614600797
 -936541838
 -442527611
  491200468
  165434809
 1818845530
  105871928
 -601595851
-1644732135
 -920986684
 -165755882
 -958436982
  386409564
 1725831182
 -704058445
  700072861
 1834212267
 1592531183
  402954492
  857569467
-1171233159
 -443886070
 2081721475
 -762553753
  -47189064
 1744293890
 1592723758
  227716737
  146900027
 -427556434
  397708293
 1415748150
-2075497305
-1326222441
 -113211347
   63674624
-1483020124
-1798507839
   15623917
 -496330848
 1210206427
 -269176627
-1540203202
 2141078235
  781905752
 -287924685
  621984235
 1871084466
 1751034648
 -903320633
 -717195918
  153920458
 -452128043
  980767601
-1435914892
-1303106141
-1173406087
 1327263337
 -321285912
 -374772216
 -792774662
 -127973707
 1345263956
  767799256
 1049470909
 1299558222
  192221187
 -590134206
-1130185093
 -983164650
 1308040752
-1364682320
-1496477663
  -36821187
-1946114141
 2087285039
-1391556178
  428260141
  112511262
 1142628303
  189704959
 -787019972
 -379096159
 1629090859
  963783630
  769936258
-1721827154
  421320334
-1652290058
 -960372008
  437595846
 1270257235
 1007622064
-1229757829
-1368608685
 1872793309
 2013764486
 1909189485
 1789766729
-2141829224
 -154116240
 1943683474
 -870310871
-1971972245
  478915740
-1001348153
 -707951209
 1545645294
 1117083569
 1719120371
-1644020383
-2038746506
-2036625338
-1680126679
 1443206309
 1494733269
 -900378184
-1890082906
 1864766021
  927678521
-1220765249
-1034431723
 1045890391
 1541076268
-1204403375
-1601837495
 1125634078
-2063183452
-1594493582
-1868863653
 1571807299
 2092544380
-2069012129
 2124926718
-1303882540
 1821899969
 1178332045
 1982999799
 -561544061
 2026860107
-1264735609
-1608658483
 1803756191
-1782935460
-1848976742
 1795259048
-1297905090
  912351794
  272758675
-1485136659
  974140681
 1213070669
-1990289072
  108236582
-1682415383
-1090898750
  248482887
 2028013084
  288752520
 1025999132
-1120770183
 1400785127
 1877430749
 1161989535
-2092395708
 -122740889
-1687473352
-1195996216
 1854728946
-1379826323
 1660847421
 -762082556
  -77171862
-2058681139
 -835374940
 1170766121
 1962067118
  844180883
  629826936
-1639497619
 1533362315
-2117467697
  -20739192
-1781524984
-1635188129
 1567782321
 -342604059
 -520595367
-1543670079
-1557840075
  -62488046
-1076129346
 1660869478
 -979214491
 1504572844
 -423021004
-1671666507
-1688983571
-1536709250
  741487642
 -222043909
  397137644
-1314021386
 1079880307
 -567694440
-2063313312
-1184223522
-1575626352
-1756621462
 1924834691
  613357674
  277028490
  351217387
 2084713249
  147861021
-1212948416
 1933365355
 1195325489
 1610216558
  217261444
-1099848485
 -747297857
-1369529483
-1584381674
 1664157691
-1613239821
-1173465252
 1979395932
  203885569
 -129760777
  914248351
-1313162218
-2077550112
 2089820964
 1700256089
-1362201711
-1305807070
-1683113937
  110276521
 1576578791
-1837173545
 1145396422
 2077075768
 2007034184
 -224581617
 1727883739
  721759633
 -514525387
 1422927638
 1415799501
 1418168789
 1836126795
-1785685673
-1907637422
 1213415979
 1386632249
 -401616805
  802863106
  855750881
-1216908473
 1931877679
 -624257173
 1564712931
-2051967736
-1339279348
 -124539263
  930774970
-1931363123
 1235244327
  530170875
  401556942
   58720183
 1722926833
 1802907828
 -574954289
 1785485099
 1715289974
-1648345046
 -456070438
 -972964141
-1844146600
 1362340672
-2145149729
 -136814739
-1025712061
-1903700603
 1018063394
 1333562098
 1000700476
 1858669419
  975691029
 -986692427
-1680997942
 -603654680
 1693370740
-1955530025
 1574594965
-2098818729
  561752125
-1473074773
-1292019339
  526094561
-1845374426
 1660921505
-1661945394
 1610562565
 2109580140
 1775936236
 1577497708
 2076708913
  188083640
 -183826799
 1626904481
 -119096984
  354041368
 -966879794
  873389629
-1726009944
 -317221735
 1493131446
-2103467759
 -248683970
-2039602176
-1626387114
  421457319
 2060655261
 -892393355
 -116642388
-1083572796
-1321386345
 1579818368
  961542056
-1275913029
-1379568778
 1248723245
 -917497770
 -546962984
-2057306582
 -787175580
 1847033185
  229156757
-1820704945
  658178177
  486645491
 1534506539
 -825555438
 1357043454
  539003096
  849434056
-1781529132
 -952753453
  349550108
 1926432817
 -682964351
   84734897
   33043436
 1032274922
-2044758923
-1366551430
  868061436
 1684277879
  209387104
-1613031839
 1909094580
 1316809083
  720800640
 -881553000
-1247335511
 1905784977
 1866915632
 1225829225
-1915118846
 -868409933
-1098473004
 1659954931
  672724026
  809095044
 1170904174
-1558286721
-1147489372
  716991849
 2089366802
 1973899035
-1232874615
 -216278661
 2064152136
  564696276
  705604089
-1710679738
  315770742
 1961099937
-1898705545
 -498425442
-1607169484
-1601774671
 2047336452
 -627061191
-1389727459
 1131794233
  717010897
 -601971858
  240986625
  -59899940
-1137335209
-1073139798
 1019435479
  504903533
-1299191557
 1489346589
 1227997095
 1893775885
  -45223233
  955630208
 1997855425
-1737858428
-1942175994
 1055831320
  257630423
  881687356
 1590724185
-2015215059
-1768591661
 1211425711
 1112058049
 1819231085
  891382026
 1621711941
 -195733696
  194310034
  773223453
  192438677
-1487897615
-1742532711
-1039282942
  819252864
 -379665115
 1310964934
 -955982822
 1378893782
  219228819
 -659931852
  561229956
  -57695918
  658228906
  438287736
 -519517442
 1880052777
 -366080742
 -958775326
-1953043710
 -703578579
-1903673999
 -198113369
 1248972452
-1916390802
 1019197206
  482187156
-1356290419
 2090160759
-2062629880
 -521865147
 -861197040
  481675731
  459688746
  132736323
-1212901971
 1020762021
 1295906082
 1186965591
-1733338983
 1638489009
-1516661200
  129329965
 1551885523
 1696283609
-1485902113
 -392404576
  150763530
 1936257243
 -981274544
 1663535704
-1229364351
  481984698
 -828734051
-1648205533
 -541763449
 -248838074
 -898531722
 -966376839
 1022936851
  675443899
  385460648
-1090798974
 -226005709
-1890536934
 2115939235
  468148708
  791739344
-1503020578
-2126089093
-1689877577
  583506572
 -426939459
   -3436100
 -832136752
 -234766118
 1018097932
  315288609
   14862660
 -131949258
  845153539
 1665220442
 -709385890
 -806161446
-2102930924
 1467935329
  816675664
 -103419871
 -312250904
   86426308
 1128208364
  578378206
  437932603
    8427642
  260025932
 1744013016
 -147822560
-1455779770
 -249449451
  154735598
 -610843798
 -628576432
 -861443862
-1009586395
-2065927698
  445156780
-1763242465
-2114102984
 -151751819
  709604109
-2025055606
  848384760
 -793793144
 1652918860
 1099996318
 1460644140
  507395168
  461496104
  863521740
 -761226226
  265325015
 1147615802
 1503163031
 -124424567
 1888226062
  571271220
 1325199431
  720294521
  -69947297
 1807070233
-1091641175
  172038899
-1190971427
 -568292027
 -324189659
-1628109754
 -900579685
 -564728134
  698499241
-2013079360
 -757688974
 1868298552
  756283090
 1849174109
  273384073
 1284374574
   93035045
 -226122801
-1159173995
-1525264612
 -506374032
 -274852608
 2092359575
  407331742
  190680875
 1306731246
-2052899075
-1672733952
 -639427555
 -239555845
-2127260718
 1876134040
 -575790873
 -632905768
-1961363729
 -283009767
 1394318501
 -450870340
 1888100409
-1859995824
-1202101064
 -902354517
  497897240
-2031501581
  622076000
  697526480
 -686332699
 -857968284
 -672660883
 2073819747
 2042888121
  559873446
  280348304
-2114708275
  898898757
 1485048015
 -489775508
  847204426
  101156157
 1537517800
 2046500776
-1031646711
-1478856296
 1559193907
 -244731785
  346485325
-1877521598
 1626176261
-1967782158
 1712717556
  684649235
  554414195
  -82683494
 -323319664
 -132157128
 1819964472
 2106726201
-1922225872
-1770588588
 -920653748
-1559782987
 -238950520
  613699913
 1954362074
-1869678557
 1197849999
-2144130547
-1977453795
 1031240069
 1107251834
-1624983988
 1275327628
-1370220938
 1761734786
 1258280282
-1037740514
  -43909345
-2052581694
 2106044746
 -652460516
 -487220002
  -56858266
 -661334307
-1563759147
 -717578672
 1612195070
 -565350864
-1496641365
 2051858947
-1720376411
  933311257
 -676915163
 2137853690
-1263596065
 -912780708
  792039709
    4660224
 1592230244
-2058729043
 -446821059
  -35950739
  128865931
 1743531294
-1345590713
  168365591
-1714009569
 2012512545
-1961925646
-2057754213
  316561160
-1208690223
-1676819111
    -897458
-1607260915
 1396095300
  494896308
-1040470943
  536584533
-1555298317
  847013689
 -828743136
 1533472636
-1437059372
 -122486765
 1450934290
 1861215373
-1274442330
  462776035
 1627960320
  572524967
-1655343640
 1411990603
 2110484477
 -938396554
-1087591859
 -922873230
 1811183831
   65293753
 1644000862
  870856610
 -384439145
  972457643
-1037216122
 -115128471
-1050014602
-1249816120
 -460342690
-1316814036
  727479520
 -276828448
 1782721349
 1495030187
  662632997
 1904025966
-1275493711
  -97637063
 1618457632
 -868752636
-1469043000
 -236794192
 1754887598
 -736309794
-1508062450
  -16456378
-1696156233
 -283993241
  157353493
  925544013
  261563296
 1082102389
   15666594
 1297857875
  746954889
 1159102509
 -133155337
 1042777126
  649568525
 1624512668
-2100169992
  -78162833
 -897984078
  371983520
 1526029955
  419933790
 1908226602
 1286681569
 1516607954
 -540035074
 -401809285
  948000955
  316547561
 1992415636
 1706528490
 -299967311
 -551841882
 -106815895
 1819764788
  737028692
 -830175802
 1664827491
-1026886343
  142787772
 -270288304
  405735812
-1873647716
 -320572751
-1171233978
 -472619144
 1913896030
 1302239748
 -211166257
 -373663990
 -902998560
-1087744279
-1592469952
  119360961
 -554809382
 1267558386
-1491113824
 1960970667
  662066045
 -808680623
-1782796778
-1004150578
  791893554
 -101811368
 1507000663
-1773224443
 1377275626
  564739911
 1320800782
-1972085175
 -235242853
  426061977
-1024763447
 -302910930
-1560717480
-1007059726
  286225423
 1183981807
 1671924612
-1717475443
  736533890
 -468661470
  178234612
-1246640457
-1271927181
  712489682
  464640986
 1888228394
-1717875560
 1035843988
 -551590314
  263010271
 -939333444
-1561569228
 1236466733
 -193170712
 -859612535
-2005600558
 1410908513
-1426339570
 1494667774
-1112920387
 1312152090
-1546427353
 -933062684
  153011594
 -207993791
 -842152086
-1333741213
  942664150
-1256964124
  801623026
-1801240996
 1988742022
 2092768043
-1303082184
 -178912784
  797551007
 -439428223
 1059550242
 1684355814
-1380403193
 1524183408
 -719878164
 1590231162
-1949853736
-1614090574
  678116405
  919695816
 -649322044
  212286437
-2012336237
 1038585849
 1881003584
 1658539814
 1948297152
 -709288981
 -878459144
 1884538208
-1728455439
 -180383408
 -152490437
  -78747272
 1066446431
-1913485084
 -524746379
 -977924074
 1193328671
 1481478887
 -517226821
-1615489157
  818449804
-2136594276
  794455403
  184461114
 1118451941
  786817113
-1225127007
 1263333390
-1619512752
 1091878027
-1656803958
 1730781784
-2030172393
  517433039
-1673153366
  905754080
   91769070
  970521586
 -972391656
  286926420
  228711835
  -93573795
  452511666
   72905807
 1111437794
-1094821948
  -62115094
-1245176591
  456657223
 -372311266
 1719183083
 -191778551
   92666709
 -359121466
  194428131
  198576151
 1337442748
 -467754809
  151907117
  -29251521
  294064188
  254354200
 -752336273
  536823208
 -112914013
  -19082571
 -338300132
  667764609
 -259023169
 1108192616
-1261083594
  801896574
  224084348
  440896120
 -893927154
 -541323661
 -454226412
  134476706
  302384383
  479324338
 -463242646
 -452863145
 -124205065
  115891772
  346239688
 -733682701
  499015115
  -27823079
  434617763
 -881878300
 -381720451
 -314297906
-1783606025
   64104223
  650365799
  306222825
  261509727
 -135888204
-1226530531
 -265571243
  600031291
    6642438
  308927908
 -599094670
-1538543115
  394755479
 -781699193
  235712455
  215440637
 -120915536
  -68890561
  457355948
  217220320
  -98884397
 -664779279
  125666766
 -102558740
 -164453772
  242585665
 1136098342
  123131925
 -501301859
   29557951
  464817870
  273032963
  -61387015
  152224431
 -739730143
 -397338179
 -147516312
  -76840568
  354508776
  -28317953
  100306071
 -678615224
 -573020871
 -144046795
 1238751131
  436122882
 -140202785
 -487555001
-1036447374
  416607717
  939064999
  530579777
 -411642926
 -693717471
 -565610911
 -274447752
  579247616
  284323139
 -863186531
  274861380
  410642830
  -15577624
 -299906505
 -485309298
 -241259501
   19505930
  189166926
  348819473
  -10950511
 -455449958
 -324323740
 -148965193
  317958012
  121633210
 -837884741
-1664122700
 -132052003
  610348418
  346913654
  -15326124
  790030777
  -22590432
 -995786718
 -741545172
  454535425
  190985116
  124159343
  334213118
  120695025
 -118734614
 -346007752
  529802687
  334892940
 -419579010
 -298162602
 -574022243
 -308457621
   49385751
  318544752
  372997956
  283930357
 -183504111
 -472939926
  279150795
  162440689
 -495452407
 -191232202
  -49899399
  -82698928
 -142557848
  142478828
   15848823
  200824716
  439454793
 -431644294
  872258225
 -274382558
 -239092087
  -53599508
 -488914226
 -167455325
 -635193398
  480715200
  484193383
  343873732
 -415837228
 -168131075
  454703768
  321031475
-1976872557
  654952482
-1876296287
-1785762867
-1773038092
  -21781026
 1283093322
   12948017
 -300873564
  -99905882
  445970944
 -114163701
   75692072
 -889926140
   -4335353
  447394686
  461052851
  852314587
 -583472863
 -251609468
 -501035195
 -223717512
   29592048
  199611687
 -163598701
 -315035496
  476645018
 -315559594
 -333442536
  120515837
  443418924
 -651468907
  -42400614
  166414307
  -13822920
 -489989159
 -356343170
  321549309
   16142375
 -280926304
 -589978588
  336587913
  305191198
 -156286600
  194019984
  135530559
   16355720
  319216325
 -224965614
 -607295975
  -24750142
  552028169
  537037409
 -334987499
   83917295
  352758591
 -155466018
 -552933269
 -381550238
 -188685975
   34559951
  142724716
 1199572767
 2146039993
-1020730551
  545025715
-1916136986
-1321095727
-1637373535
  601811059
 -507456831
 -136262783
 -418262444
 -337361747
 -163211673
  -51736592
  457660518
  579184250
  462274907
  128847424
   94578762
 -644710689
  232997141
   18000169
   94834818
  -34116685
 -384000850
  439693117
 -179423768
  731468305
 -107052753
 -855552921
 -123903807
  442948228
  381889772
 -207162594
 -212027477
   87604347
  322854996
  -67106075
 -239328930
 -354037943
   69464494
  341306363
 -390759968
 -241332632
  703622533
  294574889
  470961147
  196765459
 -170527214
  150083965
  165354460
 -298759272
 -326782877
  429227895
 -140472317
  -22750273
 -209385842
 -126435314
   27704891
  344855325
 -158760237
 -876324704
  308584512
  -19554044
  210225538
  225034576
   64282115
  221082620
 -497009143
  165245554
  656353173
 -290151602
 -618789675
  190530754
  111489379
  -66202419
  282506160
  189408669
   78746147
  534117242
  467378220
 -217957559
 -992101404
 -150953033
  728332043
  136213170
  275414709
 -508994951
   85029601
  514110804
  -82044529
 -422166955
 -591860344
 -130174034
 -197691512
 1162037229
 -271824166
-1099131902
  469168307
  142064397
 -300805149
 -689298813
 -649784739
  144299483
  459550476
 -480563627
  474053157
  872081802
  -86390932
 -629307869
-1093515113
  580809647
 -749026170
 -304129599
  370321969
  450329134
  272205634
 -924667425
 -580529784
  153187081
 1167832621
   33948681
 -951868853
 -643126316
 -147761252
 -116121191
  -19949410
  -58935512
 -367646849
  578739104
  695238645
 -206904727
 -412930203
 -815165740
 -732617451
   76227375
  335981052
  612124271
  -37781076
   12033717
 -335422855
 -690234957
  -35235269
  340572760
  661380258
  -39550003
  -28498556
  180325726
  240638560
   39005147
 -165415724
 -520293158
 -396700733
  370987289
  597911480
  856366362
  271627670
 -459045372
 -769327866
 -139140349
  519033039
 -250798730
  121923797
  -84619222
   33521515
-1028476657
   38209499
 1134453329
  439041511
  326634310
-1047592432
  184638134
  -44800756
 -335858074
   79254399
  443424708
  873484083
 -483638580
 -224992424
 -116690024
  228172018
  334859809
  -71942808
  260647364
 -308968912
 -258695091
  193992214
  466816681
   85008626
 -461130566
   82651938
  -23884575
 -723069734
  -31996834
 -172717428
 -280071553
  445115168
  262154881
 -278040074
 -182504504
 -394728265
  -40831972
 -381092288
 -288617054
 1046502812
  500374358
 -501339204
 -709623693
   55607165
  106819741
  -70399196
  887252899
  284118455
   49471076
-1315814586
-1173867168
 -277890324
  228556193
 -577801113
  180144232
  410011792
  477793529
  415165612
 -442744510
 -348759922
 -626093259
 -589106715
  324914387
  528631306
  998892688
  134427681
 -751524430
 -699840021
  495113301
  318770513
  632180384
  652127833
 -936678153
   42767663
 -135727762
  575337701
 -266609273
 -308449723
  746013920
 -191641281
 -209295233
 -950327191
 -645011138
  431395601
  544466647
  544100095
  223461841
 -387353306
   46646111
 -351399243
 -326303340
 -480420237
 1227821185
  230692931
  523783648
 -649991441
-1169084447
  180500380
  370690012
 -435585417
 -500557857
 -339282660
 -111330028
  797602407
  528087075
 -417357799
-1160243685
-1733553054
 -261009253
  721998817
-1506764726
  857818629
   57044434
 -843665126
 1333952460
  612596500
-1579083880
 -657478231
  279586909
 -506602375
  963782425
 -858368735
-1404773224
  -30683765
 1995905139
 1787323382
-1004604945
 2001716322
 1947989565
-1182658146
-1886079698
 1052056321
  762851735
 -139669795
 -295987860
 -818471069
   -7484914
 1214525933
-1595516637
  220111562
 1123899689
  -51814212
 -102613642
 -711881810
   49900398
  431770864
  270639149
  -88167390
 -509630589
  -80606916
 -214748272
 1208839882
  436899023
  616001404
  100853048
 -165805047
 -160625390
  -32384762
 -396593830
 -604287169
  658352494
  968404701
  137612995
 -273328860
  738141172
 -226928089
-1364365797
 -882771652
 -417447675
  380450083
 1159329254
  522516500
  -88985559
-1129561285
 -170609491
  685278329
  932543189
  914930183
  401627790
 -911438450
-1644698155
  489020796
 -195333849
  233249827
  691189538
 1964260968
  800276602
-1119781257
   28810381
 1293094421
 -297601832
 -842264869
  -13682555
  981164449
 -145529403
  174960052
 -101732405
  123181657
  132280586
   39792270
   -9911409
 -129841016
  215928564
 -171687221
    4948778
 -498141129
  107051007
   55067724
  395977620
  364185658
 -580775364
  328711718
 -477877260
  680600915
-1147874632
 -346439538
  669098837
 -659085182
  554775892
 -692015580
  283392802
  884916119
  918789175
  402575183
 -469595882
-1305039993
 -372555176
  186327607
  772826252
  373868239
  -78291493
 -174675556
 -774363438
 -972638864
 -163035813
  199660022
 -633968305
  466140826
  697194155
  142194021
 -540363011
 -560756879
  -43042102
  451110657
  246594662
 -329835557
   52605722
 -371472328
 -619812323
 -611270677
 -215137711
  -80113606
  370225170
  135376303
   51400793
  243953900
  149172722
 -272115256
  396835580
   14507969
  -81269230
 -282319820
  -40472687
  408014572
 -129592229
  841940236
  -90749149
 -913582063
 -505066547
  750356358
  367948966
-1002023122
 -465290804
 -654895018
 1447174882
 1092461963
 1893154146
  598660162
 -470808566
  -99881932
 -619823523
 -225526828
 -184754394
 -230199304
  290207313
   19640866
  429121399
  141736543
 -393189328
 -172964436
  212348344
  115551676
 -528841905
  344089723
 -251460460
 -395170174
 -142329379
 -286374289
  312737732
 -290798736
  -58462003
  868469369
  206646295
 -584706022
  -18008012
  233767922
  926869135
  479258243
  -66848755
 -484142784
 -320806758
   13801770
   89642606
   93536672
 -716302271
 -245093201
  -66885738
   -9474675
  126065330
  -36095267
  218609001
   -3981096
 -229686300
   82036639
 -434895540
 -361069255
 -233522794
 -360463050
   28610736
  462348414
  407268161
  414480204
  509760823
 -667474849
 -351096858
  232612525
 -145653766
  326617621
 -333328588
  390919404
 -207581362
 -254191090
  333864111
 -371677732
 1144703967
  -27723162
  -54351266
 -225865635
-1085106682
 1592560085
 1061861762
 -497362159
-1444988510
 -623936321
   26433942
  405367942
  204963304
 -122975608
 -351296730
 -463529858
   98197024
  303048377
  372181198
  481613055
  -11606770
 -552997290
   69791131
  136764766
 -259243504
   -9821789
  116876032
  293184226
  512455848
 -176227079
 -172253658
  204377443
 -550637609
  227145051
  676087073
  155674555
 -586805066
 -688234705
 -705462249
 -841508905
  736017552
  151028546
 -989340494
   75053076
  590125003
  758261918
  469198202
 -185571235
  145690468
  -79996610
   97705341
   67497614
 -168160623
 -311538124
  -73012771
  328968774