310958896
 -283143123
  221205005
 -190759490
  144167861
 -134365022
   96626760
  759220040
   85265878
   94033939
   87272971
   -5341443
 -328434099
  424848885
  861965309
  146729893
 -238747487
  185032030
  328664110
 -455246418
 -501307304
   40785803
  545432315
  127839345
  583129749
   35528113
   -1915745
  123378892
 -178749756
 -441628172
 -200956874
  222851099
 -545755133
  221042194
   76438039
  307736776
 -518837716
 -862900625
  156961378
  272471359
  436135773
  181545412
 -249790727
 -442167905
  603511209
 -377383787
 -410324364
  727991889
  194904653
   64521909
  124072227
   90378289
 -715226252
 -602916343
  188889914
 -432457295
 -422788439
  -29469249
 -671024443
  128141046
  -45062636
  524270201
  346181899
 -655057990
   48322663
 -241234071
  288353657
  513376159
 -216099480
  149416598
  293622737
  -54682094
  260419755
  363622750
  598448135
  -99731150
  397173280
 -114236323
 -413517973
  232870781
  122296147
  443880540
 -514793847
  392554685
 -514406076
  -98852570
  878760525
 -624569227
  433027922
 -166156926
  178097446
  177955951
 -168221095
  527208161
  471043584
  194518132
 -263283931
    2375399
 -129917261
  588462942
 -157581746
 -632473344
 -262265105
 -201682650
 -242755063
  339171792
  549326596
 -198592091
  146334062
  247662937
  286465938
  203654639
  -23395928
  191929197
  581286000
   34654488
 -169119406
 -408045063
  -20529739
  222667907
 -337279307
 -123003246
  160784090
  130914771
 -463092191
  -72704503
 -206767833
 -159847677
 -665264643
 -562468507
  802958633
  441545054
   73582663
 -588859929
  413839736
  635138838
 -279992411
  119973718
 -227830482
 -513907914
 -235917076
  705705431
  235632946
  182761651
  461115877
  -80705830
  326050539
  296530684
  -82014310
 -675068912
 -103751448
 -212236700
  144722610
  768485451
   16247547
  260765785
 -110412149
 -243995163
  223017271
   68794486
  -29610350
  639174341
  480566781
 -268630234
  -67526386
 -417961661
 -318009193
 -279284197
 -256865582
  156528210
 -651030254
 -225988498
 -104267784
 -416609181
   45595484
  346573376
 -406996189
 -529434963
 -119080931
 -677261218
  -59382294
 -443038134
  -11392181
  251798190
 -547179815
 -177112031
 -347376419
  404087059
  723408620
  349663309
 -278730724
 -336322007
  260371405
 -115224811
  374540036
 -344095875
  -28556078
   37704723
 -324793407
  691931792
  203160119
  321374846
  202953286
 -224694721
 -420745935
 -339992865
 -269440122
 -259227244
  -33079617
 -264209610
 -416836920
 -481411280
  -97436168
 -193176633
 -378130787
 -176588283
   44866020
  -18718192
 -521328178
   82047027
 -392807900
   32549201
   18420890
  239329288
  321933378
 -621075490
 -115116581
 -800242533
  -55751584
 -178892503
  177261131
  -60740452
  702117845
  497936242
 -863024100
  119979651
  -97401193
 -135954385
 -141114880
   74691630
 -616079025
  128510825
 -150281363
  257764513
  -70362658
 -165607095
  872514111
  252590333
  662884863
   43478486
 -535571691
 -386736265
  221446866
   89299988
  -51077751
 -340680536
  220392839
 -388193480
 -557639292
   74142047
 -336100496
    3321642
  326981331
  574712442
  268586385
   14955342
 -274399897
  291706105
 -210162860
   95985233
  367285223
 -130585093
  225063001
  276696595
  864440721
  490826833
   40558400
 -415226605
 -380751141
  -79538996
  201328856
 -488153801
 -617399788
  286339367
 -325574710
 -298398793
  115677709
  -80328072
 -370092239
   38573987
  295247638
 -105268352
   37524639
  369915131
  -48888253
  -46573264
   78428757
  -26818891
 -176903403
   88962095
  183635193
   82322772
 -238947545
   42324687
 -364387303
 -538150652
  465784406
 -270799287
   46471173
  -73496405
  461871343
  214796465
  359105995
  628123545
 -625448428
  231442907
 -119435978
 -447871448
 -140857047
   65963116
  -94167917
 -351898449
  440961241
  481778363
 -189500737
 -511482502
 -213797956
  -88206949
 -165446720
  -35220712
 -355428814
 -203960993
 -102100235
 -289044637
  119301053
  -69518991
 -391030847
  461329631
  117629037
   99182561
 -223898639
  -17926474
   94688122
 -454876264
 1105931394
   82304918
 -156040197
 -152264659
  424622610
   60166551
 -796191129
   84262378
 -265757028
   64853289
 -212571386
  327614655
  320227435
 -826587653
 -416031404
  444853136
 -106122914
 -177946828
  363880180
  324971268
  224081117
 -364063594
 -712465795
 -134622237
 -376800165
 -254403091
  -97887854
 -105232185
  262317754
  199531713
  109913406
 -501459242
 -113433013
   39413506
  101662006
   17910926
   13175120
  228651586
  145099661
   42223438
  322162769
  -84879350
 -695193148
  279884572
 -289021442
 -295726850
  449239601
 -137621889
 -317681824
  421913705
   -5332696
 -306745195
  194694723
   85061482
   99190450
  215215875
   -4609275
  -14259040
  409337277
 -347524620
  343696857
  -60537692
   53656644
  -42761092
 -158670108
  278345105
 -823209074
  -25723755
 -815677026
  125073087
   75838560
   97627621
  134917935
 -590730496
   63724711
  -96448473
  635319458
  -62811555
 -653783764
 -372939342
  490571356
 -243716304
  304371459
  488886864
   11814656
  607974334
 -136544863
   95568232
 -128818481
 -187022864
  636443567
  800221042
 -315890109
 -426118850
  133031912
    -135684
 -139725995
  225225480
 -578673329
 -380982741
  107068261
 -444632025
  406284180
  297281655
   40415703
 -101276009
  -50278940
 -629683389
   64436396
 -252054343
-1345938595
 -174544931
 -234813610
 -191948487
 -310839630
  955705007
 -233644970
 -264031541
 1391776577
 -513453421
  425291610
   92866236
  285471609
  209562640
-1067081481
 -114301044
  229454317
  219146054
 -256808913
  742378511
 1076812764
  120837063
 -251537322
 -605752178
 -211591975
 -170118538
 -553199421
  187843076
  179580988
   58664302
  144908403
    7913764
  -99030811
    3573787
 -888108122
-1261133602
 -104504467
   88956528
  254870581
 -103487029
   82858228
 -227610503
   78572480
  -40602558
 -857212069
 -239815700
  -65640442
  321978889
 -618192758
 -165236249
  -65685261
 -596057906
 -462599894
 -555848743
  111526688
  -46321377
  321507900
 -216230908
   37847410
 -608091158
 -475821975
  409905824
   -9540202
 -266468705
   61519161
 -169006999
 -398642266
  296965923
 -700615401
  157351024
 -219656864
 -548646358
    4118826
 -303528866
  351648498
  -40618230
 -586565542
   61626318
  326129454
 -129282858
 -360824725
  -58530450
  576058444
 -338853854
 -510862076
  204731084
 -551960814
   43349829
   29445646
 -140143209
  423782096
 -606966146
  -65107356
  431620673
   22704829
  193958813
  -91350732
  257608150
 -518365043
 -863041524
  592079495
  195332451
 -788100250
  202605435
  527533511
 -501742625
  850415400
   11949689
  -97767926
  256400477
 -391248020
  197517904
 -364590932
  340957621
 -594312656
 -193885032
  428201859
 -183000459
 -312487879
  -59229671
   90696500
  190870677
  213585945
 -682875294
   88633092
  -94341784
  119032427
  486679698
   76253325
  168151275
  236773097
  451634938
   35615469
 -203971189
 -506778574
 -263375141
  585238732
  320919319
 -299022467
 -122691253
 -185696743
    7998151
  415868131
  248077767
  526663913
 -395958508
 -240796072
  708723119
  433393873
 -238870272
  139409213
  214663070
 -160985461
  144236880
  246238567
  204149576
 -550115110
  170219359
 -308065404
 -204688829
 -361168039
 -173945892
 -525829241
 -635102674
   83707760
-1163154313
  228728565
  -61872439
 -393203215
 -293531223
 -481659908
 -184152035
 -871926008
 -587546060
 -202455645
 -676818617
 -412850243
  439516099
   18716180
 -582559011
 -583766588
  138000653
  309441045
  -87161959
  169705347
 -127406632
   31001607
  188481443
 -145687239
 -424486951
 -319365343
  178915827
   21740354
  630532981
  320813456
  -64944910
  208045652
 -497002627
 -349749427
  -20251253
 -224557610
  325933038
 -145135057
   68326144
 1026070602
  -37863332
  139716025
  259805260
 -343667325
 -420762825
 -379316673
  104859392
 -266544475
 -136662438
  -72167154
 -340150125
 -344318073
  -94303436
  198490512
 -509999613
 -385809945
 -254576041
   79206449
  252220663
   -8995507
  145741152
 -351106806
 -317313532
 -399221059
 -247912722
  729202368
   81502476
 -322086510
 -579883916
 -558204121
  245999793
 -309208025
 -163580554
  238907776
  208613103
 -132093078
 -294752794
    5855718
 -241439288
 -393978539
 -585426512
  -38895265
  -15254069
   -4143255
  594974737
 -321580332
  474286443
  795835763
 -212609550
  185329088
  188962043
 -373314758
  207140522
  125525002
 -187100132
   37211404
 -282073367
 -132225784
   14941119
  330561423
   59864898
 -149034138
 -143599065
 -113119918
 -608226298
  248393922
  724481122
   35111160
  208320184
 -350070279
 -712275500
  -70163300
  325680814
 -344613557
  104874870
  549251627
  -39707362
 -311746244
 -109764749
 -486490900
 -127880854
  156034884
 -785056328
  -56375851
  -36202528
  -90908110
  564051434
   92654660
 -179478742
  -35735307
 -247435170
 -396411789
    6179961
 -184732163
 -200420237
  371906138
  107939433
 -421645071
  275157920
  202677945
  202515012
  959353330
  489135349
  431515552
  -92528469
 -298073028
 -109306799
  371868313
  623500046
 -131775493
 -507706630
 -440010654
 -231558265
 -785895028
  341258205
 -345216163
 -226522999
  309159477
  195169495
  166418176
 -638816621
  301750940
 -125654310
  754561954
  -10311055
   98014825
  244086895
 -159990733
  472041213
 -546964463
  238853239
  280139644
 -649438018
 -417416107
  200112375
  -24164960
 -533247456
 -196408001
 -208818865
 -548171013
  289377016
 -122521149
  240769347
   -3527855
 -532370829
  877638484
  413303428
   12639875
  -67443321
 -349106676
 -264579221
  240563041
 -188196367
 -367017553
  136207383
 -223938162
 -738129788
  -67245431
  190946133
 -305320650
  772903764
  136819531
  152361192
  360362749
   47031224
  381896871
 -270343217
 -165129945
  115536882
 -184749557
 -432910184
 -199241537
 -436425728
 -246394566
 -224467516
  544399592
  -40547666
 -772120297
 -313551425
 -883169792
  302891385
  452469098
  -24140026
  -11125637
 -415732932
 -126093771
  395535048
 -173930822
 -275419054
 -155976868
 -206520676
   77430067
 -113676226
 -121208657
   68383122
 -255048294
 -374262780
  349743430
 -338332163
  401831770
   70142216
 -206364196
   23480634
-1034424530
  -14351166
  172717724
  429188379
  284321348
 -322638491
  142392731
  534380869
 -196899370
  435890957
 -265667707
 -344539328
  191323168
 -406921640
  875873091
 -263874175
  -62650809
  342926892
   70494508
 -291854755
 -101466529
    9315759
 -300306200
   36525257
 -236015563
  514392716
 -325383576
 -129542721
  -89487373
  -36748815
  183342068
 -409255216
  325749302
   96368097
  445362434
   46830185
 -791708367
 -191372094
 -589450539
  239053593
  150223586
  250622169
  638435883
 -239242195
  456951907
 -210638608
 -211188049
  -49568646
  326088879
  130116136
 -198606979
  -59225159
  -66774552
  253938908
  -22234854
  -48008999
 -595137318
  416590581
  360906525
  -33084918
  276598707
  -47320110
  -20408186
  285694150
  -45841450
   22856778
   37742687
 -636328464
  300416111
 -376017560
 -395372986
   45123206
 -320053629
 -260811367
 -213539109
  -47594586
  -58124709
    -711605
 -700046660
 -223010498
  -37822588
   39432145
 -310216155
  -51665266
  616768519
 -369462955
 -135121804
 -134250102
  -37762181
   66076115
 -246914359
 -395224019
 -695634707
   36479947
   70641571
  706466543
 -137109656
-1149789737
  360267173
 -116051747
 -196440236
  201657246
 -277864840
 -203619919
  452109360
  188603296
 -291968747
  251324847
  536359573
   71247767
  370147727
  -95765801
  -20502418
  102468212
  -18538556
  569888719
 -470686406
  -97726273
 -145697400
 -390686568
  -24263027
  291375306
 -171882240
  124563177
  178488526
 -479182634
   15989107
 -496893499
 -297430791
 -144062767
  217023437
 -737593657
 -247688164
  521453634
 -193246701
  774292555
  -97696539
 -379636419
 -744033255
 -682701544
  307562072
  -57584099
   73734827
  190623521
  186070463
  -89695937
 -326755018
 -526451878
 -292864609
  539579860
  -90843843
  182322577
  -33322857
 -302662401
  685550934
  -22412613
  425836060
  572092522
   22631227
  153951247
  223931809
    5525739
  415021967
  401908723
  -38306525
  -55934924
  126871205
  152043332
 -176799518
 -640893413
 -100208020
  562151611
 -183089443
  -84537631
 -644595505
 -168950498
 -164293671
  -34188669
 -522893971
 -625780597
  533391982
   21876016
  229624285
 -166035516
  453403591
  171928570
  -35384442
  184800111
   93646515
  198784652
 -161327842
  -27673902
 -470799769
  -92986722
 -763240312
 -448352629
  398918051
  115456305
  236355086
  139483263
  155551993
 -211325103
 -208312110
  194907226
  131318386
  172196237
  722484745
 -268166495
 -286608520
   33471627
  230860289
  702990432
 -678528178
 -162055394
  -73676937
 -468253072
   49130633
  320182407
  295056566
   15049771
   -8610719
  108628630
   20261760
 -209384575
   76437933
  416248164
  535681639
 -124550312
 -446495632
 -335176242
  738808110
  -25904569
 -248681378
 -446444468
  143192728
  762991082
  -53459330
 -204086971
 -373583967
  691012702
 -267939907
  509975494
  227188875
 -271559930
   59783494
  533285691
  719271269
  -73816341
  -78579421
  107186178
  568365136
 -124781274
   58808139
 -352649751
   -2028004
  308507509
  -97817956
  126370895
  367985939
  -65460118
 -109320032
  410028807
  105075184
 -432343964
 -879579584
 -464347733
 -177560512
 -489940366
 -225018819
  512642276
   43745605
 -121088210
  605959046
  676509797
  132149182
 -225169315
 -286203482
  -68805135
   28657760
 -561404000
   54064144
  730683885
 -485590159
   -9371674
  115730117
 -307539788
  -90358018
 -197373187
  -66810647
 -162096207
  300069247
  -30797885
  136970856
 -160867058
    9854354
 -174097265
 -144125360
 1089903509
  474928934
  152270359
  307183618
 -128454238
  155822442
   98603424
 -539991737
  640610183
  644425147
 -115277749
 -374669135
 -447974578
 -220930570
 -212070033
  613121212
   19466837
 -565867717
 -364896369
 -699955214
  -98066894
 -237344294
 -562559812
     -72103
 -273593142
 -591545680
  294335339
  712005192
  636749869
   75876668
 -885248291
 -179314541
 1156972515
  434007561
 -840554136
 -142298329
 -249287770
 -102346090
 -177574728
 -368118506
 -243361257
  126188151
  110236702
 -474277809
  153000660
 -548380790
  179025040
 -216542974
 -133601821
  443286661
 -280313477
  226306342
  265942762
 -420816036
 -434565501
  223116516
  144176673
   71178640
 -481709028
  502366335
  -98085063
 -237556582
  216487999
 -160591905
  170294949
 -519132896
   69501719
  155400170
 -425608584
  265690476
  206137192
 -576379196
   75331865
  121441438
   28614914
 -263259794
 -146405036
   -1937984
  503401984
  624158663
 -191830434
  -76094270
 -247748216
   47619845
 -365257611
   15069742
  443909392
   62621408
  518589116
  395229173
  629322109
  709185112
 -277833279
  154443379
   27109994
  -64916749
 -304179336
    4229219
  238233174
 -267357481
 -156510453
 -591538505
  112351510
 -131827651
  -24777090
  231461613
  -78411544
  -93634468
 -268476531
 -890787397
   21935778
 -144343711
  123383717
  663909908
 -688976448
  -80960666
  375515233
    6679007
 -617572056
   74598032
 -204833870
   70174017
   63087877
 -463767664
  267676238
 -229853314
 -396166512
 -162249882
 -124670523
  217628447
   67688428
    2420065
 -245536953
  498288338
  276240721
 -361691659
  250789806
 -258255819
  299887823
 -150519195
  227027749
  342600666
 -223617166
 -289814255
   28085085
  -17076414
   73401603
  864437132
  258688706
  438153481
  -99372259
   78533753
  -53954072
   20326822
   54644833
 -458362358
  -69127974
  -48151344
  634686237
 -105043353
   18576586
  507085119
  317979865
   88248569
 -382397627
   48722990
 -484721671
   61754320
  575374637
 -627468296
 -362098130
  -63797391
  -38751562
   74809316
  -55014690
 -314826583
 -329762659
  464169397
  540147649
  -82108530
   17219959
  692717550
 -947407460
 -583360885
  167565352
  366350070
  473041502
   79785725
  314810881
 -457015324
  450591258
  163010527
 -402954853
 -799424885
   23233929
  298917854
 -842963399
  -11055250
  440769924
 -461667482
    -342211
  402088651
   -9028033
  757471546
  183173910
 -143129855
  376972552
   69703704
 -503888834
  154940908
  512792946
   90021740
  567714757
   37622147
 -653627742
  521700203
 -274376317
  -53774056
  581720298
  182452695
  332741829
 -285780186
  625475824
  423319526
  440085155
 -229792786
   19520064
  782561909
  277839088
  145820974
  150349760
 -306381671
 -656367364
  376357343
  -12680731
  -41033350
 -320851864
  218361982
  342987692
  128838865
 -539373514
 -327551696
 -294171293
 -442424244
  105563666
-1135422908
    5359135
 -481309760
   71668745
 -509934086
 -531187444
 -555929835
 -800716648
  391539080
   28391775
  282815717
 -424216622
  506055341
  205502499
 -353201813
 -883992851
 -165026505
 -517194091
 -712066774
 -124625255
 -140818744
  411916278
   86646637
  139742513
  125482038
  160922177
 -416463391
   29266024
 -211687200
  112083014
  416497826
   64062345
   78829068
  183547159
  163660686
  -36760697
 -504883898
  216617443
  290532156
-1017500543
 -384433166
 -146402340
 -303071612
 -914039628
  188801107
  -24730513
 -411905413
   -2977268
  586544309
  283019453
 -951990997
  568366299
  485742884
  355662143
 -239836279
 -395936401
 -135289690
  545331594
  611972106
 -313666966
 -154787367
  -73462335
   85570661
 -418741582
 -642871673
 -344754585
 -269847899
 -256309684
 -425330470
  -50525300
  369293739
   34139023
  355822627
  483693325
   99905893
   13842436
   -2480145
 -478821414
  163781030
 -111603355
  140777887
  343147179
  185293532
 -288345651
  -13452723
 -264240389
 -861922005
  517097055
 -153740682
  303456456
  337200063
  359380964
 -477093844
 -306032156
  462113266
 -153619191
 -797139296
  -36982282
 -267942172
-1075427613
  351507010
   15321337
  462690347
  106799345
  368705428
 -117200000
 -382203763
  445517631
 -239355553
  237987228
 -709275976
 -438645856
  529284516
  -80077550
 -233106821
  125109888
   61029594
  -17663420
  157945784
 -102641758
  302003626
  356750752
  775677058
   35180306
 -631269395
  266291928
   95554087
 -232740493
  284587037
 -470113732
  -58718647
  485886949
  572298577
  387297387
 -231776346
  924945139
   -1571041
  120827615
  208859347
 -186564139
 -320708625
  -47013907
  526855365
  303460046
 -141810775
 -225182484
  414896548
  269734699
  828065356
 -176529511
 -537495739
 -461973992
 -448539822
  772919222
  250381546
 -100112387
 -428602822
  164534081
 -354034307
 -386345518
  871135817
  452213295
 -133140846
 -280519375
  318654206
    1746248
  186902208
  636880971
  826101360
 -285104080
   -2287862
  151416253
 -124494902
  620864490
  262056917
 -343489118
  149872773
  447848722
 -549159588
  100208831
 -252421686
  231411647
  481886736
   39232654
  -62937667
  -96157413
  467364191
 -696793569
 -400519849
   84551044
 -428971226
 -261826642
 -331493346
  499298693
 -150239938
 -329747545
  579594819
  167590052
 -259750184
 -284481394
  541344330
  288937902
 -453069381
 -130676508
  230355144
 -150792841
  581559691
  144861222
 -133030705
  185965482
 -175308200
  324326657
 -393862937
   20137111
  485359733
 -101015117
   22201724
 -244314508
 -527463683
  138701915
 -315716467
  406916225
  576772893
 -608543807
  861000858
  400851500
  480454941
  324448762
  117190235
  837246186
 -529565538
   68313205
 -376417988
 -904424123
  475595592
   81463409
 -217738095
   68885045
  -98815204
   12035249
  467698485
 -289693519
  -12787053
  174976232
 -367612097
  181928902
    -378835
  329511311
 -192864647
 -722909123
 -855144854
  152759324
 -232057705
 -488262976
  540202005
  218517382
  324942266
 -137535275
  426912518
  412827681
  272471131
 -121452913
 -623392462
 -201521082
  -12846097
 -329721596
 -588957938
  -10143715
 -313700124
 -511150649
  264747398
  204795887
 -420097361
  352186458
  145122105
 -716130313
 -539678324
 -154336210
  452590222
   63331874
   43898413
 -650910962
   22590917
   58727963
 -338982290
   15898074
 -557643619
  387759563
   65759763
 -265625461
  -95277036
  534111465
 -518948870
   55927570
  276979153
  124024188
  455589605
 -615657932
  168817120
  164705510
  686064869
  466087558
  308936442
  262193622
 -148436267
   23329485
  515441868
  161494453
  474408877
 -161344605
  342568800
  668089456
 -385334821
   49452365
  -22092947
  898361340
  -21841846
  395931578
  270905582
  -71431189
 -105028597
 -718339673
  207380707
 -444369952
 -131140517
  -54580356
  -75432221
  -65791986
 -191645926
  495325975
 -234831204
    7070240
  126850726
 -268325248
 -590218063
 -269837515
   97906413
 -205075669
 -293511503
  156521559
  356248205
 -259563260
  177849054
  -57371739
 -416400179
 -840600263
  261219395
  334739834
 -487095954
 -336431328
   67511700
   18350503
   24342980
  778470706
   69300086
  464327426
  -59429548
   87100491
  193514485
  157906218
  512751504
  108558615
 -338357995
 -747173919
 -108481500
 -145515069
  505668961
  103453406
 -383608499
 -120768648
 -205100068
  528922425
  228528496
  262504020
  526300847
 -461747506
  423055244
  590284322
 -367342731
  -65658273
   54589315
  487229113
  336634471
   36308311
  248571475
  -94231167
 -123973237
  350264863
  315289914
  373215876
  385994882
 -279167010
  355089530
  651769531
   14124385
  -52846572
 -511085215
   19640443
 -213789061
 -188536588
   18088298
  501404782
  399308331
 -439295674
  -66557323
 -326927190
 -259688994
 -307814444
  181798675
  152566527
 -602742986
   56960967
  258319436
  262706319
  359683642
   50631767
   70409103
 -180862014
 -265343796
 -191537273
  496707498
  317076036
 -223396574
  162172137
  483972415
  185040267
   38403378
   95292571
  301904007
 -278362475
   58259942
 -383557518
 -104504871
  174312405
 -797559057
  708021957
 -257726273
  468134637
  161619861
  341628266
  247970538
 -545714167
 -479119460
 -249780376
  -62678163
-1325813463
  -71820257
 -545981545
 -241023635
 -671705435
 -415192664
   66513846
  -74906332
   35368288
  -62568563
  340702186
  245909937
  -20531183
  -98975722
  139776750
   65801070
  727561109
 -728328130
 -174518840
 -664377399
 -562956504
  398096898
 -410547808
  688802306
  185208170
    8724679
 -189275537
  284879290
    6183540
 -356695680
  389308305
  261447802
 -234497164
  -56464417
  353302871
 -183405618
 -203718653
   22296126
  486572421
 -389761029
  -33503975
  468468995
  472500221
  276241358
 -475769253
  358469150
  -37223047
 -390495851
  193667168
  -62265783
 -438863612
  371010205
  204213272
 -126270953
 -493747195
 -297081419
  258144490
 -267495185
 -185829872
  272669201
  480250062
  277546194
  -21780379
  177740158
 -241291524
 -900892675
  503931325
  311344736
  -18570570
  329083522
  684907671
  154279600
   81804338
  343481050
  -28948118
  711026543
  149916609
  149117009
 -192656000
 -312677832
 -577034912
 -276503241
 -133889180
  -57983179
  243207346
 -260354986
  330191380
 -298411185
  313786303
  -57788802
 -112837769
   45302132
 -730320296
  612314420
  328973663
  -82981277
 -139051260
  110961802
   61178615
   30995248
   67065771
 -130850802
      60171
  338081209
  228736299
 -325553759
  -18187634
  394818913
 -311772078
 -666508710
 -112023667
 -761701080
 -190357778
 -126448917
 -286788305
 -188882399
  343698688
  -79356372
 -311022699
  275026565
 -110396909
  469574641
  -28541724
  -10752879
 -106399966
  456589398
  275434650
 -288180161
  279435316
 -444945457
  -52197652
 -171225618
 -161481642
  247615567
 -435694224
 -255407492
  397316048
  182958611
 -304793779
  -39523437
 -220786461
 -387032882
 -182421013
 -262950398
 -539798125
 -318084046
  163750129
  515892893
 -206249493
 -353710560
 -180619482
 -194462799
  369969784
 -301625165
  -22335694
  141293126
  503138664
  312646280
  306048315
   92855769
 -724198170
 1145255291
  378108129
 -293123279
  479854947
  468547434
  714696774
  556782536
   74968677
  -99885585
  606230512
 -556244040
 -272678866
  313054187
  596240806
  459993775
 -163902339
  935106006
  -79958786
  -77982021
 -326382806
 -130000194
  269883297
 -152433013
 -284198958
 -975701448
  206393632
  389768983
  235469531
    7662273
 -181433079
 -512028332
   86258767
  -31151464
 -775843876
 -122041541
  177374757
  434612886
  624665623
  355441808
   76608616
 -309874436
 -394458556
  414429153
  -38496510
  474774307
  278474419
 -138137419
 -294419774
 -216752346
  139544231
 -316125443
 -216860360
 -122867663
   33171269
  126342068
  423122432
   36596358
 -401735949
 -394813466
 -573665925
 -213786690
  144967349
  326873441
 -256021008
  109639797
  268621655
  -42648628
  200575753
  -36060498
  803101852
 -635198643
 -401781762
 -270641639
 -118931028
  576862161
 -413181462
  665264373
 -147856228
  -63564768
 -397811217
 -559984854
  496985182
  -25699483
   22917472
 -437618539
    4252111
 -169675364
 -215231562
  404341992
 -122050808
 -181922643
 -221178151
  174915122
  312191199
 -204266376
  454267429
  593982521
  -19995749
  438311047
  218087557
 -275478634
  191536066
  369116981
  301450901
  449621749
   76411213
  476179228
  -41457540
 -584406345
 -133483617
  447279166
  332350707
 -359909985
  179350129
   97941987
 -340151076
  -23575743
  370901407
  469487230
 1106904732
   88091530
    9295484
  442847420
 -105626221
  -43021414
 -443490820
 -119690499
  433451808
  347761337
  588036921
  144583844
 -144375071
 -190346424
 -674475734
  157273353
  518088723
  162972896
 -492359256
   45179640
 -760091849
  -53487159
  568835132
 -283801673
  213052833
 -486258772
  562120590
 -151700700
 -193186654
  327564280
  293418826
  838474233
 -111262099
 -528000477
 -197223425
 -350446666
 -239608846
  298562479
 -114563485
 -148943265
 -245688768
 -771082045
 -930183511
 -208194430
 -406964114
  545147820
  416921711
 -176958264
 -188058382
 -278616403
  394039393
 -128336419
  -57141675
 -541398707
 -102534309
  386240625
  526251871
  591298123
  -45745348
   16529223
   51910475
 -123500864
  340011365
  -78604519
    2517631
    -258435
  646763467
  126596162
 -443236067
 -176698858
 -477832461
  812167517
 -198877572
   61863158
 -366260707
   32364115
 -376181998
 -122398134
 1367744885
   52298321
 -488637935
 -694641057
 -240537100
 -261969297
  250692753
 -387526945
 -155719013
  352547976
  146431328
  -64024979
  108088873
  -85687964
  140066724
  642510779
 -260237689
  -68806013
 -258873717
 -100279323
 -173370361
 -158727171
   -1238803
 -419217650
 -450253772
 -502801476
 -229990451
  -39961200
 -382378300
 -361354703
  326444317
   59578116
 -966983565
 -584699753
   32457595
  158950151
 -337172049
   31315572
  708306304
  351410226
  383257799
 -527933053
 -605071749
  -21557742
  311746002
  583991540
  215409658
  -48540361
 -837322829
 -450123742
 -153961686
 1003893011
  664763962
 -528381131
  507215210
 -492745312
 -347908561
 -841710996
 -118782109
  684064962
 -591491781
    1260384
  406196572
  495604460
 -559702686
 -310287094
  151454991
 -392227558
   18405507
 -279848979
  -88639958
 -184405704
   53041474
 -170239165
 -173553238
  142147937
  -27212211
  391838772
 -326314048
  106636072
 -530267751
   83527353
 -167416613
 -244465710
  240362814
 -323947284
 -171645058
 -846734399
  911886899
 -289133875
 -142203115
  393611509
 -678470885
 -524927523
 -650149151
 -185844833
  412154355
  893140925
  148281742
 -217225227
 -391804432
 -141207518
   73296200
  320416569
  322269952
  330195108
  -73627834
  238349039
  232394086
 -601337318
 -421403391
  198637277
  396933284
  161203586
 -297691349
 -182492221
  -10562908
 -377532570
  332197310
  324116142
  605542688
  421387761
  380790135
  115448579
 -136151214
   55560420
  -67628210
 -265366188
  -44943032
   20696443
 -296122347
  154676297
  -98098767
  366067373
 -515495406
 -204192305
  102356128
 -569582953
  419198523
  545752178
  231029570
 -331126240
  508833307
  584385241
  424490208
  518708804
 -349304115
   27232828
 -558839127
 -520677645
 -211506697
 -155360345
  287179582
  116118969
  281346974
  -85813332
 -215672843
  -94554431
 -292324402
  -74427639
  172608460
   34403286
 -296027275
  210887485
  373826896
 -347857643
  531442441
  320548058
  253308709
   75591837
 -155865046
  405780033
 -222147368
 -615409772
   -8170919
   19287744
 -259082432
 -387988521
 -841147759
 -226097018
  -22169871
  437707849
   38894650
   54753383
  132305956
  230601144
  580870273
  235367363
  255189991
  -51591099
  247170520
   65271635
 -189812971
  136308499
  206644853
  237220346
  383629204
  427205584
  441935018
  130704917
  -59574755
 -162898092
 -268658944
 -557892280
 -259928567
  803711640
 -210746150
 -143478916
   20198970
   -9387181
  353562890
 -619438832
  339655821
 -248672880
    2259402
  -80113083
 -913505801
  264209887
 -492329776
  438898371
  209972526
 -905349342
 -161853988
 -181486079
  175514692
   75830800
  130906684
   94536526
  -27526027
   94628966
  341697655
  145370900
 -311370438
 -210355119
 -332477333
 -438259003
   69405381
  187427198
 -254503627
  142288438
  146564750
  -51228470
 -197208863
 -255983884
 -262978743
  254745754
  -73612047
 -183114936
  309949370
 -339934983
  -73600108
  194640121
  503432517
  606044911
  887546504
  271425714
 -391282889
  621977621
  405659098
 -192580088
 -488286367
 -879905472
  -18515285
 -176673747
 -552445808
  115578052
 -357157191
  119562029
  137618305
   31301235
 -233654644
 -269835474
 -426794467
 -398446031
  220398107
 -145481486
  527101683
  717111571
  -36901491
   88363680
 1023562631