-373151
   -2614339
   12872631
  -93199432
  -46818410
 -281064857
  261318652
   61895774
  -59712233
   89498821
 -261762383
 -310902843
 -996216030
  -76923296
  467427903
   87367134
  145174025
   19155886
 -852118930
-1211478381
  249614834
  786444442
  -77920822
 -236468337
  850765319
  655543662
 -643423484
-1214480336
 -384865225
 -182332464
   30109942
  478258021
   80494825
  453731581
  573139212
  143079714
 -436604175
  310193703
 -169899249
 -562101782
  298490217
  925497604
 1089075088
 -813524001
-1237111809
 -408107045
  272914381
  651217819
  460099706
 -546144734
    1905486
  591485575
-1184183187
 -598616742
  406767718
  178559356
  429051584
 1059992461
  764316350
 -488591747
  117745183
  788027727
  -69546970
  337373396
 -262143985
 -845010498
 -433223112
 -178688405
 1192670361
  289527007
 -530779103
 -436008832
 -703925508
  324484082
  155222947
 -512238665
  -17272900
 -348595631
 -644865773
 -495895149
  244517826
  246284133
  152658691
  672952452
 -528215979
 -500405152
 -207524018
  609813941
  241612461
  -96775382
  260801422
-1244645337
  456163122
  275490734
 -447640956
  145388744
 -394950036
    9080862
 -694121911
 -642649148
  301281274
  740468919
   73895816
 -297722493
 -404100233
  371380979
 1327836983
  316108491
 -253649873
 -275517700
 -700252165
 -757778428
  363171417
  131582936
 -596504982
 -267449156
  -48221186
   44287097
 -295822482
 -617054455
  278985479
  857771060
  417349407
 -111819269
 -408078749
  354691273
  200403106
 -376076441
  -39947903
  704469350
  315589711
   52196847
  564827194
  572578564
   46767632
-1644936716
 -827784714
  718634171
  659078250
 -537501327
-1102768814
  624943194
  608341722
  338460423
  563524113
 -281130104
-1309388341
 -682304994
  218161410
 -338088192
   36592753
  -98107697
 -164303764
  651222028
 1071487681
  145504932
 -599101195
 -560945990
-1095015939
    4516798
  465589765
  193477614
  364925028
 -332548390
 -408742208
 -201628768
 -749098281
 -433852912
  941255470
  735052611
  443212823
  484195482
    1049859
  114841377
  -76513700
  590926775
  526536329
 -240548014
  135849130
 -196690727
 -399181514
  686844095
 1094730209
   92439342
  426703266
  164733604
 -165365089
    -937178
 -391378220
  750834012
  453765392
 -405150642
 -989807589
-1168556336
  159800389
  954024524
  619686248
 -563429699
 -225175707
  -42892370
  257123363
  440909220
 -368370414
   -2664767
 -881938573
 -679007985
  174564114
  150779077
  778997358
  825173455
  386512117
   48833940
   73276178
    9640956
  368263198
  642211832
  386476669
  -59873099
    5702628
  388093598
   -3679515
 -203396385
   43398395
  665734439
   58723424
  -22768690
  -21739497
 -556471491
 -194204809
  -84464064
 1130419032
  739078588
  436538811
  -10575271
 -522150506
 -366971972
 -565394555
 -564323242
 -287187570
 1488837629
  368566407
 -483989471
  246972357
  198994501
   43116975
  517908747
  -56483119
 -471274253
  -60585016
 -233261190
    3173551
-1280855969
 -713428976
   99823563
  497761138
 1250757524
  341713826
 -685770093
 -328238117
  320441308
  419919778
   60080916
  320261740
  845387131
 -252340310
 -168849264
 -233743439
 -939104826
 -747361597
   35992509
  503500899
  450477692
 -199954814
 -161523595
   31690296
 -581562597
   80153736
 -273863429
 -880310134
 -977315328
 -236165080
  947719907
 1051382341
  445973288
 -240667467
 -147285065
  611189630
  798676814
 -481306420
  -73376588
  504812477
 -256232188
   -3163608
  378051863
 -189064459
 -584304096
   22895571
   54837719
 -438036881
   73264333
  323515426
  -56968935
   46689204
  171355152
 -219159719
 -311719489
   57961095
  464079997
  344546286
  289108578
  494092669
 -700120827
 -153553526
  240011176
 -386259867
 -605735757
 -654401620
  -82705813
 -308282200
  897741525
  442864449
 -147769239
  711262734
   28573688
 -278703680
    6704172
  130058089
 -720566328
 -602962904
  816729695
 1066847776
  180574782
 -260761964
   96347571
  159937095
  350082883
  314025156
  -89065276
   86995448
  -67291320
 -122338479
  295435154
 -629833658
 -440127772
  368371065
  296414154
  235014305
 -389669319
  -13144985
-1111645508
 -360580115
 1037635483
   20790123
 -365542243
   77036210
 1258867847
   50972576
 -321510744
    6030637
 -244719789
 -220866114
  -69673094
 1222414847
  546731147
-1029737272
 -275377341
  326298825
 -670287374
 -518340857
  383928363
  987345487
 1116943548
   79660129
  -56205948
  222631588
 -223000259
 -256729201
 -496899517
 -226299071
  333517066
  744754673
  188607951
 -505880516
 -212178774
  -62462481
  -57059253
 -294659624
 -243291556
     332147
   10067292
  334902960
  959054535
 -134263216
 -267732679
  376701039
 -566911927
  -70548374
  507896226
 -456208919
 -188232304
  568310147
 -256177768
 -441973738
  -49218595
 -139520551
  -26110651
  122044666
 -380754413
  224758340
   -9924454
 -245138659
  309543718
  -47499210
  338092623
  -21514790
  985683391
  576218389
  128675158
 -190665374
 -879887601
  109305226
  108022686
  764104527
  -86645094
 -638670090
 -462458214
  360174070
 1255849919
  219922110
-1001054392
 -351500597
  -96373832
 -910394292
   31514476
 -234432237
  151128207
  515803170
  -26616219
 -190640264
-1070362884
 -761716823
  975520540
 1088164345
 -335656625
 -365230615
  283783285
  117930759
  613706931
  686730379
 -493981887
  -92995755
 -491098621
 -679735528
  319691771
  541852110
  362924130
  578496479
  365676293
  341740210
 1631444450
  121918240
 -655845845
  -91775590
 -233699679
 -950710901
 -321777040
  652551538
-1581572798
  135707590
  581005093
 -709688555
  237036105
  310638592
 1407065147
  126170677
-1112136946
 -417096820
 -133361710
-1086042868
-1388088952
  729302563
 1468052492
  906692642
  250019099
 -128320712
  283156563
 -424297523
 -717530708
   12871674
   23078273
   69250276
  415303841
  707662382
 1430260568
 1400342616
 -706010805
-1228340808
 -378427997
  199066050
  216636735
  106305147
  230745937
  262858934
 1127188283
  154914513
 -605051395
 -255191052
  662004234
  638277378
  -91030904
  853406097
  629967049
  105349591
 -585845601
 -490455888
 -199023213
  306620149
  634326344
  560417399
  388623454
 -872576212
 -292210049
  602176109
  138141865
   25314422
  541956911
 -198076276
  384964826
  326282180
 -137719553
  821399264
 -160137563
 -264757222
 -228125488
   36327101
  802745546
 -202985892
 -683323347
  352143838
  531397519
 -205690584
 -622714858
  430778206
 1096512089
 -263897168
  138392011
  156475522
 -556846882
  156956619
 -154254778
  453554019
  241599249
-1019770750
 -134492600
   95626752
  124050142
  347821096
  699462375
  824004376
 -922282766
 -637902632
 1058801516
  -93187210
-1222118262
  312469056
 -435710472
 -470333536
  808800779
 -164761872
  388110711
   31719278
   82958673
  112261067
  291343455
  367597527
 -805873429
  188391014
  670337830
 -130701965
 -526358482
 -165113393
   95837476
  876238485
  125325272
 -642890550
 -275916527
 -694231209
  -91377331
   -9534448
 -371928220
 -330915625
  358309153
  896404150
  554380325
 -206097106
-1113415522
 -425585642
  880799279
  505810674
 -146756018
 -327828736
 -862642111
 -399817774
   19898091
  560636377
  290897650
-1195952202
 -602652464
  695273636
  188320329
 -384523228
  168227056
 -152826589
 -325196640
   71258661
  794825907
  181003073
   51010516
  551902003
  314757922
  437455779
  450729327
  833504800
  -98375554
  629996335
  -46892826
 -677494317
  859409418
  472342595
  517127830
  451017471
  833123000
  718366109
  -86392639
  294031601
   63706766
 -898245204
   10672909
 1202196025
  510898998
 -706518067
 -852279653
  157416358
  122628294
   12637072
   54291745
 -146969096
  449190208
  689802480
  178264243
 -706793074
 -649530873
 -644942695
 -376902198
  623344257
  350343686
  635390436
  630637955
 -375104426
 -159472487
 -299297633
 -333991737
 -223976406
-1229029020
  -52145640
  666503070
  -51276702
  773065330
  787054670
  169899091
 -316331031
   30525625
  339089887
   86112748
  437224076
  279504579
 -128117225
 -202180523
  689080191
  678112901
 -238560461
 -499089047
 -542664702
   96485755
  265954245
  599898315
  723902150
   63977670
 -322420541
-1087346699
  -43200326
 1339069094
  870196430
  324690895
 -567202068
 -128086267
  213064203
 -570131696
 -225808396
  441007449
  556472827
   77281530
  334368379
  678562456
  450324848
 -243894728
 -650948862
 -191808001
 -622262216
  -80002075
 -288283875
-1068612879
  466743983
  484812673
 -245971250
  418801511
  -59106918
 -378294577
  415914240
  218098780
  217483045
   83080848
 -405938122
 -454731108
   33518298
  505369342
  416022387
  223932186
  232644535
 -649390693
-1366581813
  127559363
  700281879
  753028471
  878830514
 -251136262
 -799086083
   94127446
  -63635354
 -775023563
  264792559
  950590167
  360453568
  251769118
  188970711
 -228956905
  751885354
  255283405
 -711735994
 -223810957
 -640256964
  -92392823
  712827807
  344537070
  282662217
  430709494
  -62362392
 -141995853
   15130686
 -480284481
 -178193115
  577853333
 -300814735
 -892577682
 -516282464
-1186743973
 -530636245
  430785007
  675486008
  669120754
 -271062344
 -875173720
 -604804732
  768251774
 1282786438
  708734152
   67602029
  406200226
 -336913277
 -277779606
  356254399
 -773780194
 -279943547
  226640374
  794018295
 -321465882
 -709322393
 -574935924
 -234408133
  500809331
 -362569921
  230111876
 -144190190
  277493924
  170458870
 -360841988
 1019283536
  582599747
 -571329698
  -77612829
  854832989
  437601883
  -55105910
  332746644
 -484431327
 -459007210
  140499947
  -97182780
  302728527
-1115013403
 -891005731
  802861561
  646931820
  458219012
  156297600
 -349560806
   80875725
  573238877
  -12040721
  273615375
  857204359
  -72121833
 -887688121
 -107459921
 -756610610
 -570953989
  325703445
 -402072297
   -4101704
   36726531
  378460481
  482816191
 -148557426
  283224765
  742559731
  314302663
  286564564
   61526574
 -366725620
 -567657433
  206088533
 1653822662
  625111722
   81196929
 -768979997
-1234171941
  366334221
  597032613
  400874967
   -5652883
 -617359972
  211160713
  746709280
   98911286
   -8894291
 -133550938
  -25597464
  216629055
   51530892
  226185547
  410269919
 -532906701
 -153297718
 -105179589
 -318280387
  818686597
  467129245
  931285272
 -132336483
-1305640628
 -524904199
  -72593589
  507294797
  -73056943
 -860615517
  178512945
  194366206
  194601006
  799529832
 -489959332
 -146235776
 -654041050
 -123834016
  626189762
 -542904808
   41806228
  596286512
  279681322
 -158343318
  310716706
  -83099123
 -124954300
 -354352605
  212696105
  636283908
 -228767190
   -8497738
 -212783251
  277078046
 -354210359
 -659844512
  -31441076
  378511010
 1475704604
  440028693
 -138060558
 -535960092
 -943006770
 -270046902
 -596242180
  323234319
  177702498
  148740164
  550935238
 -296407752
 -516056471
 -112552727
  542287366
  133329400
 -176582244
 -331476096
  150059841
  414877566
  348312738
 -599847035
 -960383533
  267263702
   26505107
  -23686617
  132984791
 -313327366
  -17476295
  376186370
  107042507
  660327306
  -11851293
   14679007
  734950750
 -167063021
  193374383
  397636304
   23177721
 -168619433
   58260527
  310603399
  806242401
  251819507
 -484318657
  -61263848
  129505714
  -58491067
 -742433431
  435852291
  724483789
 -150338121
  -36692870
  -14275869
  590909840
  749382792
  553517508
 -572612174
 -960130083
 -371380080
  571279632
 1704441406
 -364734134
 -800120694
  457623485
 -125612890
  118710698
  122489452
 -698873070
 -314011518
  432326528
 -332333850
 -943394671
  -18039629
   95251352
  145181525
  319468490
 -341832439
 -111119171
 -311206587
  550121188
  747847993
  -44554256
  273643615
 -181605396
 -573962140
   24682400
  172960760
 -151311945
  731760873
  417284348
  320628075
  316620933
 -171337572
  -79596686
  598396262
  330990413
-1297823820
 -309226838
 -298670542
  278933659
 1551869517
  931466683
  339349154
 -951933514
 -581335209
   18197090
 -301936238
  -33907914
  508910486
  832060418
  473019347
 -137199497
-1031015363
 -246185494
  357302131
  -90794786
  209567071
 -846966254
 -561460081
 -143349256
 -673664514
  201205982
  217692826
 -298748493
 -167719906
 -417989085
 -396713000
  377300508
  306385161
 -193128697
   22035364
  604209027
  711776924
 -209584433
-1052813050
  288033552
  866783343
  670381842
  195244474
 -241822289
  300943247
  528001585
  442617439
-1084688407
 -593527145
  132319145
  -42222789
 -336608966
 -375362007
  331578438
 -163227005
 -146512436
  -17847808
  400156796
  395391438
  597788101
  537523578
  507090032
  231057382
-1177029107
 -628965908
  -59573129
  -58391562
  174263360
  382534215
  245948722
 -454734298
 -582638666
 -280679984
 -475899918
  529109076
  874217262
 -547036663
 -598802399
 -422022297
  984856351
  922958833
 -275807158
  274936380
 -339412274
 -846180980
 -303593391
  226179144
  198981431
  -50815512
   47522500
  189376473
 -371548206
 -828747663
 -369039897
  764220930
  887722131
  -34599016
-1092449349
  -61143356
 1052155556
  208205440
 -645992583
-1151975916
  369187948
  806830247
  175212415
 -908160471
 -333963632
    6996155
 -371921283
  590466308
 -304761141
-1053286203
 -706970914
  542013654
  488284825
 -358256564
 -646118782
  263077209
  583601570
  185614739
  -26522084
 -622542679
  -40634857
  -43411093
 -388715141
  107042381
  221167258
 -439154099
  186419461
 1291777399
 1268402207
  361522317
 -264732255
   96520814
 -155173955
 -920359824
 -344687864
  124053033
 -929352222
 -835596817
  507410977
  954992512
  440308237
   26705945
  -18978070
  305620436
 -203466682
-1039612095
  510340428
  647454485
 -360191913
  405994989
  278531748
   52242992
  -23787702
 -100848956
 -404498721
 -124818878
  163087472
  168806214
  259338093
 -167198116
 -405430151
-1550231157
 -796692038
  630908435
   98628668
  165724487
  198211833
 -119427883
  262800425
 -839513372
-1016144500
  904432252
 1171277673
  590562737
 -138434862
 -420758101
 -712752763
   94974155
 1452493616
  738226851
  390665257
   45307835
  -94382037
  560808152
   79357786
   18212879
  335775858
 -988268212
-1579808418
 -284523099
  950398095
 1290027404
 -341254918
-1929829494
 -271361388
 1964430022
  681928454
 -330020759
  143071692
  195699418
  396618018
   10477343
 -342929748
 -196647403
  697025080
  113868917
  169930246
   83952916
 -306584889
  196139519
 -599553313
   24115934
   91534543
 -207391637
  757680508
  565691012
 -664307965
 -418221224
  169906351
  434926325
 -345053832
 -275806754
  638915208
 -313302268
   57205608
  187124283
  345916152
  129158533
 -481653674
  329403145
  -99726795
 -332138942
  755814248
   43883224
 -553877570
  166021550
  446875203
   89104040
 -599321898
 -873896303
 -597145411
  715027567
  689430717
  194338239
   57085126
   47666214
 -153158602
 -948084637
 -363565688
 -509570576
 -825945057
 -473531305
 -361459814
  750168833
  427850315
 -134845876
  330067219
  275930106
  -74111384
 -381528648
  510124763
  579656212
  408708642
 -170115217
 -412744960
   43337918
 -313526383
  152024956
  628782982
  600048861
  906882522
 -172393580
 -837675547
 -231913868
 -520311726
  776024521
  465261595
 -795302757
  148269080
  977260723
   35525084
 -368070321
   97432664
 -133374098
  503680406
  -43169630
   71175617
  748007326
  -12576410
 -289476751
 -429742571
  -95635420
  149343990
   33697672
 -539409886
 -433448182
  765893007
   -6798369
  -95053226
 -101450389
 -248439791
  -82492329
 -333252563
  545739633
  575149036
 -176324301
 -484633652
 -475369920
-1172695229
 -388475114
  262850709
  304611186
  324965570
  -70492107
  156486343
   82367764
  586701809
  -34826618
 -560528892
 -695291569
  -78164086
  225510110
 -801742953
 -248636181
  430272446
  800707293
  240393147
   15448256
 -112702756
 -669307421
  881528059
  905045639
 -424386676
 -294094721
  -56889633
  256352839
  433045779
  -23431443
 -963277248
 -805571315
  238394320
  373245306
 -243609414
 1225575313
 1065888679
-1220986615
-1089359698
 -544382191
  225037655
  136047800
  326676741
 -199297275
 -184905648
 1154983451
  872775417
 -225166214
 -632675111
  789008686
  193002278
 -948302591
  348709222
  220041475
 -982875365
 -385128020
 -508180092
 -245701899
  590008246
 -144458325
    6808528
  633799037
 -303111520
-1151221782
 -261029246
  -13991791
  164145898
 1022788904
 -365764473
 -371643387
  196473874
-1025033631
 -292432392
   72748601
  112966700
 -687028065
 -832375320
  156128687
  378729020
  -21220223
-1184327854
 -390778175
  463116910
  402060434
  632160996
  681146322
 -634184796
 -441742014
  436671298
  155409871
 -436322816
 -576671374
  351695809
 1049375803
  743544164
   -9378305
  465403079
   95514062
  979168517
  268267031
 -339643064
  275960364
  454122497
 1118630919
  385625151
  291316996
-1006484765
 -690435919
   52999302
  203401563
 -303426780
 -216219313
 1216166728
 1287551554
  339051864
  117853665
  742291406
 -354234440
 -621168620
 -638893655
 -302243497
   83846812
  -24816672
  119095228
  575750186
  204139686
 -287188353
 -272523989
 -687045940
  -44818093
  129662872
 -205331103
   39695972
  362069689
  488805573
 -119959912
 -201733848
 1449220351
  786441815
 -297248934
  335961366
  753902185
 -311289335
 -560251818
  457483966
 -382476586
 -808560062
  -74299512
 1154169084
 -648696005
-1412498510
  263556289
  855828864
  697847017
 -458773320
-1073513854
 -636465562
  876436899
  680998410
 -101363302
  114279636
  729360466
  988623783
  193205794
  -15865649
  171853625
  160688652
 -318270327
 -841143023
 -370656814
 -307147390
 -531666996
  158692606
  520347523
  250802293
  491573252
 -151311348
 -418970233
 -223536031
 -465858242
   40839464
  625465702
  542299584
  263837373
  747642370
 -768912875
 -760574545
 -158574612
 -539972379
  177776039
  775927378
  485524568
 -618389610
  255435987
 1266241352
  349207911
  -16899230
  971791221
 -708746114
-1127780977
 -363666177
 -265283092
  178217222
  223958246
  638132344
 -566263411
   16815668
  528792659
  613108777
  477536442
-1060587351
 -212037757
  585375275
 -185186990
 -309907477
   86810185
 -152872641
  -95215927
 -540947388
 -830420275
 -426864332
  440284397
 1190661368
 -203159280
 -608245946
  443606623
    4734345
  226516273
  -40762451
-1263646035
 -746592902
 -182315298
  344159936
 -678094997
 -308727260
  589278879
  -68948335
  481282999
  394983568
 -380462265
 -946044034
 -247218747
  564090774
  290660704
 -877178754
 -806593888
 -347100758
  718513629
 1622333881
  356090160
 -325742664
-1327441618
 -490056831
  853796580
  683664868
   41890269
  -42803286
   75293323
-1401713508
 -672561974
  863830054
  564841919
 -468097528
 -461950778
 -432418011
 -961604344
 -607297761
  759693726
  702912127
 -487797117
 -206191201
 -572276031
 -259553717
  672495717
   33456773
 -558982319
  718334450
  341374807
 -404401023
 -372453966
 -754912441
  229570715
  349096034
  135362104
 -152921449
  793595348
  901984092
 -425566380
  346095864
  334817407
 -164137676
 -596245597
 -132098438
  469526729
 -753331576
 -256100673
  730100650
  145609765
 -792186050
 -331147326
  908437116
  354253441
 -688829808
 -250954761
 -453423943
 -289531619
  605734975
 -100417174
   53757623
  -24563870
  137872689
   81857754
 -817083966
  159085490
  611663179
  370798722
  617165816
 -290816322
 -455401085
 -384863989
 -853810258
  526910931
 -722884052
-1221908819
   47812024
 -314273269
   93930737
 -444330187
  710013525
 1033012492
  241782408
  807869217
 -797030115
 -763954841
  585856116
   65321401
 -205945319
  -83908588
 -448539147
  256021061
  435095596
 -316845994
  321607046
 -139507213
 -399892360
   28489828
  734913145
 1375536708
  745143415
 -497239337
 -419588434
  371461609
 -958949756
 -731284810
   32148007
   54961776
 -414983836
 -671078036
  273821935
  775493526
 1006201826
  194013674
 -193318809
  411967995
  689627411
   24349381
   -3844068
  355358163
 -507851770
 -547493913
  441114489
  -81782323
  -74316379
 1336293399
  659875905
 -601914412
-1008464437
  -65052939
  596775889
  718172249
  106160282
 -496772621
  533852846
  157896953
  144043926
 -371561893
 -380831100
  482830893
   65668298
 -560814507
  351961991
  274210345
 -924853970
 -109395254
  -69753581
  679645368
  -33260422
-1083579969
 -867469029
 -599480554
  179038368
  160995037
  298787326
  -57819674
 -859894612
 -324596394
  -79508656
  -26690631
 -141825910
 -712752625
  703225651
  275998763
 -640921326
-1006854645
 -265379280
  244937582
 -288400084
  671795779
  552477401
  768930096
  -91613198
  -49218265
  350053307
 -278249943
   80866837
  -57171829
   16688244
 -497172626
   55942543
  394946501
  -62347739
  618099466
  816458323
   92330371
 -435360991
   84112247
  216651632
 -399454442
 -569089116
  328814152
  212791885
  252214713
  896317800
  645550550
 -621982176
 -784179338
  847993978
  598162451
 -437880609
 -530763098
 -308239701
 -972853580
 -249382049
  155910644
   30916961
  205428741
 -462118432
 -328788631
 -390520203
  357922837
 1113150357
 1012533943
 -207066447
 -723061351
 -583867487
  -77568502
  961048910
  167042100
 -350901558
 -827688393
 -691074534
   55194083
 -269494184
  374092623
 -167533525
 -839092192
  752022115
  425512425
 -635781509
 -726451038
 -416967615
  278270021
   93929935
  108176965
  116491173
 -661200344
 -718716711
 -204599075
 -107930531
  291274815
 -323654978
 -938704160
  424819817
  798507552
  623614704
   79648780
 -109633327
   95289068
 -531517804
 -739628808
 -243634654
  993275498
  608330093
  198217726
  315154712
  -82685066
 -307367376
 -195756950
  712158536
  -96928572
 -968003938
 -415153302
 -224919018
  177119537
  356456174
  421599364
  309556723
 -239511077
 -825708346
 -450267909
  452181168
 -152292934
 -782311309
 -107857882
  227597922
   14246938
 -200292838
  445080062
  395847436
  150624351
  329916885
 -374357408
  552267295
 -624931288
 -619461708
  -64041704
 -624763434
   67486176
  187458155
 1174242844
  792325163
  226330075
  217851001
 1378867954
  323406513
 -258608118
  596502089
  393504118
  275557222
 -642440530
 -237812399
  -71501750
 -185796553
 -446885180
 -282889470
  303721010
  262993036
 -387086485
 -280914372
 -321955381
 1036053194
 1264554324
  220438532
  447208537
-1002920466
 -356930143
 -521991372
 -483014426
  565711994
  214060032
 -161542350
 -134881654
  398099151
 -474839320
 -436066973
  475269115
  185511333
 -437743089
  236861428
  363992891
 -277808009
 -501571993
  316005109
  149897985
-1117587625
 -513508558
  171119771
  763344964
  -16166238
 -237117715
  628757113
  -85427748
 -148824839
  402126313
 -497111155
 -423481614
  730543877
  749343893
  191706297
 -524028170
   50135596
  176604851
 -783496850
 -774561418
 -132832800
  381691144
  395912383
  505763851
  817442108
 -839746948
-1151905102
  100197957
 -426165108
 -810916801
  -48917855
  373433257
 -402293260
 -229132322
 -585121018
 -209012357
  578545629
  604787830
  795115664
  600012397
  143356253
 -400130711
 -185129535
 -378070748
  181624107
 -111178203
  -18495725
    7223731
 -194868850
  587166748
   46463147
  367390135
 -749304221
 -883507523
  604249505
  360939633
 -190835281
 -234717450
   69554600
   32128515
   98894467
 -163459283
 -478518377
  -98820177
  524678211
  119443924
 -379018406
  596043431
 1282451692
  257566329
  365869186
  233143032
 -318750559
  137172192
  -51852982
 -468490448
  -42021526
  550630437
 -430998972
 -329696620
 -276685998
  -23438990
  345528696
 -190409359
 -505074804
 -377628382
  695496739
  123496263
  312789638
  411464364
 -191098227
  133921464
 -160157065
  353388796
  246991260
 -764167863
 -291092296
  709506080
  398214323
  199987315
  512145000
  254464415
  277468627
  530788049
  -74928936
 -796193418
 -655033686
  522085631
  957860267
   13528662
 -157473759
 -424126454
  138919348
  149048347
 -682422292
 -758848436
 -431205771
  283208698
  170574365
  451931601
-1209809205
-1017126032
  939205886
 -558277947
-1163583487
 -666307653
 -183620167
  373198709
  462384528
 -262823827
  552120914
  534162529
-1173644579
 -983666765
 -450767012
  310862545
 -573526662
   61658250
 1038615600
  276849094
   26942166
 -477443717
  441799861
  876963509
  762745030
 -667169413
-1339824669
  -77728211
  512286428
  613765240
  497477921
   -9418246
  -48524665
  916875760
  -60909307
-1157121836
 -938546998
 -718423225
    9856831
  675265226
  697505732
  344977844
 -784030930
 -578673383
 -258559684
 -213498053
  736851799
  591275641
  161625937
 -213944347
  277677952
  391720996
 -159406864
 -370033071
 -449274226
 -339781069
  303628413
 1099870185
  761442112
  367247561
 -257036399
 -701453218
 -456171603
  259817428
   68108795
 -542519553
   93313753
 -213554246
 -166965690
 -337090634
  870825960
 1280374531
 -344403597
 -300089875
 -879162286
  108189824
 -173903272
  -73077364
  954308546
  403183399
  383831596
 -890030566
 -323704775
  536646068
  496208810
  169779203
 -205202255
   98095341
 -496176177
   93973183
  574292829
  -13235822
 -403759790
 -542156361
    3857960
 -457752689
 -902469049
  130263608
   10227626
 -168659339
  485063782
 -237811165
 -861937917
 -373771561
 -333190162
  -38697198
   27565993
  400322782
  980486027
 -164210235
 -993092662
 -382491548
  633814628
  142373078
 -243058298
  426307935
 -135251326
-1153162298
-1035244191
 -913213904
  154349779
  764029950
 -345435300
  254337440
  631297203
  345879002
 -152627610
-1131666478
 -768558660
 -316610152
  223364783
  900127150
  598846404
  421724890
 -592923890
-1052692381
  103168238
 1122122994
  469343885
  269873900
  -47545240
-1207444861
  306632467
  282217888
   97477130
 -299639960
 -261159243
  499473588
 -830011890
 -793661994
 -481042184
  632314159
 1426140300
  369594506
  -30926453
  -16745398
 -517696560
   16794380
  686302504
  734218440
 1145036736
 1004446779
 -349689754
 -692754487
 -898969347
 -696755739
  800588718
  559600793
   48569855
 -529561129
   52890148
  649705595
  427380594
 -193601739
-1256859059
 -888182672
 -328829486
  465647522
  499638339
 -116481400
   24486107
 -298483232
    2025060
  112293151
 -373941750
 -630123786
   57645133
 1241508061
  292028626
 -122395728
 -966447025
 -130495237
  739987209
  295321455
  281387262
 -226040411
 -414615147
-1714181211
  209101156
 1984064370
 1008253319
  -82585250
 -329960374
 -246841373
  146297145
  207435774
 -752905580
 -284989757
  309687715
   50056528
 -201366053
 -258601823
 -643503998
  476967528
  746907896
  152963276
  185151657
   10584403
  204816831
  121045446
  643763662
  750772663
  304721802
  -23906304
 -115286561
  292387664
  171730856
 -445879484
  178440644
 1547777715
  628446127
 -798550747
 -524372067
  177776661
 -264499360
-1298506264
 -410281316
  538195155
 1131060730
  933536655
 -674535091
-1131111526
 -775533545
  245062553
  989107382
 1349735408
  294906538
-1140816371
-1575494145
 -806594004
 1305811176
  293976755
  469052043
 1202222001
  352926477
 -270687584
-1200276392
  441582375
  235403752
 -971227652
 -224073121
  993677678
  816028847
 -468543661
  230727791
  223544945
   79619216
  162144959
  -18446008
   -6186475
   50859978
  201966457
 -400637725
 -181396005
 -224605359
  425971172
  412862816
  299695819
  159116675
 -242623140
  328671629
 -267158342
  484560917
  476806279
  341279622
 -929826783
 -483321257
  915095377
 -268185019
 1015767897
 1191718110
  177239925
 -645942248
-1405750974
-1147851209
  339056145
 1188402655
  602937329
 -106781632
 -628767010
 -683857678
 -421558232
 -100940798
  160250071
   77316036
   53404478
  978493010
  478308797
 -913791360
 -780396151
  140740593
  718630990
  448967972
 -145332932
   35773755
 -645317587
-1022458804
 -655386682
 -393952327
   91852492
  262861979
  463768870
  137099479
   93597357
  329922816
   71438127
 -161238089
  248856818
 -212465084
 -171280776
   15292736
  492727530
  659199490
 -394652926
  139625814
 -683977855
-1051464829
   94912876
  445773106
 -661252007
-1242036041
 -158906475
   36786513
  865779240
  769817202
  594072826
  725115008
 -242396141
 -400122002
 -628237095
 -356159450
   16255908
  296977960
  582932949
  185310475
  130872550
  -96557517
 -357223681
  -25452676
  254289562
 -239932394
 -633884698
  235325671
 -451862063
 -766615526
  183512057
  136776363
  261997316
 -119309327
  374264857
  989803367
 -102527673
 -340754199
  627157747
  846266774
  810953974
 -170270783
 -873926807
 -698109955
 -140158616
  213071456
 -355734675
 -488922380
 -697084102
 -150076399
  165106627
  127302586
  -16550479
  -72550524
  309176463
 -237088083
 -558685964
 -418369114
 -528688364
 -487657535
 -200031159
  276913424
  559319545
  537491915
  578118239
  360812991
 -222763344
-1197832635
   34726072
  828685445
 -296170135
  -69765620
 -219231118
  586590188
   42398966
 -257668261
  567018728
  161169245
 1034214981
 -246915585
 -486061094
 -122149883
 -230423600
 1458933781
  382320074
 -615298047
 -412629082
 -320779828
  -30236899
  -46198839
   23622819
 -215725132
 -365772344
   89082810
  779223094
  612113682
  284874098
  207062111
 -355926803
 -495266007
  217887144
  -44169363
 -299647597
  307605886
  516291482
  289259565
   22090733
 -388112874
 -168012400
  360318465
 -225770541
  201319997
  132744389
 -828079872
-1079606435
 -975730062
 -528533112
  211652742
  802456983
 -551279737
 -576427390
 1141145359
 1243705532
  849887258
 -151119060
 -356069089
  608496873
 -142206449
 -156762657
 -110446613
 -404226374
  222904323
  565024418
  625965620
  361399306
  171432344
 -646526826
 -597155356