  -0.002460965291610
   0.002480999000792
  -0.002501348630608
   0.002522021643417
  -0.002543025739794
   0.002564368868231
  -0.002586059235328
   0.002608105316490
  -0.002630515867178
   0.002653299934732
  -0.002676466870810
   0.002700026344481
  -0.002723988356005
   0.002748363251357
  -0.002773161737525
   0.002798394898656
  -0.002824074213074
   0.002850211571256
  -0.002876819294817
   0.002903910156567
  -0.002931497401727
   0.002959594770365
  -0.002988216521160
   0.003017377456562
  -0.003047092949467
   0.003077378971507
  -0.003108252123068
   0.003139729665179
  -0.003171829553385
   0.003204570473785
  -0.003237971881368
   0.003272054040849
  -0.003306838070183
   0.003342345986980
  -0.003378600758041
   0.003415626352279
  -0.003453447797294
   0.003492091239906
  -0.003531584010984
   0.003571954694932
  -0.003613233204229
   0.003655450859481
  -0.003698640475454
   0.003742836453642
  -0.003788074881951
   0.003834393642172
  -0.003881832525966
   0.003930433360164
  -0.003980240142300
   0.004031299187362
  -0.004083659286895
   0.004137371881688
  -0.004192491249453
   0.004249074709063
  -0.004307182843088
   0.004366879740625
  -0.004428233262630
   0.004491315332265
  -0.004556202253111
   0.004622975058436
  -0.004691719895199
   0.004762528446918
  -0.004835498400154
   0.004910733960023
  -0.004988346420922
   0.005068454799621
  -0.005151186538882
   0.005236678291110
  -0.005325076792957
   0.005416539843620
  -0.005511237401615
   0.005609352817337
  -0.005711084221624
   0.005816646094141
  -0.005926271039625
   0.006040211805198
  -0.006158743578193
   0.006282166611490
  -0.006410809232695
   0.006545031304806
  -0.006685228220139
   0.006831835526651
  -0.006985334307572
   0.007146257462477
  -0.007315197072335
   0.007492813074651
  -0.007679843530575
   0.007877116837544
  -0.008085566333904
   0.008306247863282
  -0.008540361026247
   0.008789275058960
  -0.009054560563046
   0.009338028696181
  -0.009641779960264
   0.009968265454163
  -0.010320364481464
   0.010701483857461
  -0.011115686354708
   0.011567858793392
  -0.012063934849756
   0.012611194584880
  -0.013218673427461
   0.013897730347090
  -0.014662852583720
   0.015532820484938
  -0.016532435710091
   0.017695158694249
  -0.019067267331308
   0.020714669645476
  -0.022734582039631
   0.025276675604340
  -0.028584046060842
   0.033079704480398
  -0.039571007969298
   0.049814847555324
  -0.068495801220686
   0.113682076699741
  -0.384120560379955
  -0.246418595356347
   0.088589575470195
  -0.052039412556603
   0.035695639607651
  -0.026374389290064
   0.020308380723845
  -0.016013094015936
   0.012784906068087
  -0.010247032158374
   0.008179247197549
  -0.006443983827566
   0.004950647629304
  -0.003636916251794
   0.002458279070874
  -0.001381864512736
   0.000382628842645
   0.000559092030112
  -0.001459212997602
   0.002331024005494
  -0.003185993519141
   0.004034365892432
  -0.004885626493847
   0.005748884427584
  -0.006633208581100
   0.007547944813429
  -0.008503038394698
   0.009509385375468
  -0.010579239173174
   0.011726704691299
  -0.012968362806542
   0.014324085118228
  -0.015818126071228
   0.017480623274762
  -0.019349708311618
   0.021474550145726
  -0.023919860272963
   0.026772759454593
  -0.030153597527516
   0.034233671799636
  -0.039265594396808
   0.045638275197846
  -0.053983444979963
   0.065400531437599
  -0.081988178026087
   0.108313730473089
  -0.156556431617878
   0.273692868563470
  -0.976464094573887
  -0.663328450279540
   0.253386715538069
  -0.158794176281565
   0.116763741078523
  -0.093018822674500
   0.077766118235284
  -0.067147680111148
   0.059336088643988
  -0.053353923167791
   0.048631063895088
  -0.044812577994790
   0.041665975375544
  -0.039032628893655
   0.036800627408692
  -0.034888785779769
   0.033236805604683
  -0.031798993145064
   0.030540119788082
  -0.029432618867437
   0.028454641742321
  -0.027588681343037
   0.026820579495298
  -0.026138799395555
   0.025533884867136
  -0.024998053566058
   0.024524887877826
  -0.024109098226478
   0.023746340934557
  -0.023433077878255
   0.023166468762835
  -0.022944289405957
   0.022764871293329
  -0.022627059086161
   0.022530183868608
  -0.022474050838311
   0.022458940951099
  -0.022485626805193
   0.022555403860761
  -0.022670139012881
   0.022832339661838
  -0.023045247876313
   0.023312966194735
  -0.023640624311575
   0.024034599733568
  -0.024502811064687
   0.025055110841863
  -0.025703817349877
   0.026464444187836
  -0.027356716986726
   0.028406016427959
  -0.029645469861622
   0.031119057307909
  -0.032886354375135
   0.035030013554008
  -0.037668022810734
   0.040974722279756
  -0.045218863470479
   0.050837350964246
  -0.058590921401692
   0.069932114243123
  -0.088022605265146
   0.121293877028755
  -0.202267910559768
   0.688688267570840
   0.446659658657518
  -0.162954336256871
   0.097561421020212
  -0.068551539993723
   0.052194879846733
  -0.041711573984078
   0.034430829081173
  -0.029087583642167
   0.025005218998693
  -0.021789076154944
   0.019193453844954
  -0.017057400848483
   0.015271083520376
  -0.013756991280747
   0.012458865966443
  -0.011334889201227
   0.010353332228407
  -0.009489688812113
   0.008724733058588
  -0.008043171825008
   0.007432689668176
  -0.006883259118189
   0.006386634094255
  -0.005935972138636
   0.005525548811242
  -0.005150539043023
   0.004806847825931
  -0.004490977725283
   0.004199924200883
  -0.003931092159504
   0.003682228880991
  -0.003451369690106
   0.003236793636615
  -0.003036987097905
   0.002850613700772
  -0.002676489319323
   0.002513561177705
  -0.002360890293065
   0.002217636652622
  -0.002083046641230
   0.001956442331123
  -0.001837212320218
   0.001724803864280
  -0.001618716095009
   0.001518494153398
  -0.001423724097699
   0.001334028469464
  -0.001249062420738
   0.001168510321452
  -0.001092082779113
   0.001019514013650
  -0.000950559539126
   0.000884994111392
  -0.000822609906855
   0.000763214902668
  -0.000706631432892
   0.000652694898812
  -0.000601252614610
   0.000552162772173
  -0.000505293510981
   0.000460522080902
  -0.000417734087292
   0.000376822809139
  -0.000337688582204
   0.000300238240050
  -0.000264384606777
   0.000230046035976
  -0.000197145991110
   0.000165612663051
  -0.000135378621024
   0.000106380493621
  -0.000078558676924
   0.000051857067106
  -0.000026222815159
   0.000001606101667
   0.000022040070258
  -0.000044760065542
   0.000066595792729
  -0.000087586865905
   0.000107770754202
  -0.000127182919946
   0.000145856946453
  -0.000163824656350
   0.000181116221221
  -0.000197760263314
   0.000213783949959
  -0.000229213081287
   0.000244072171808
  -0.000258384526326
   0.000272172310647
  -0.000285456617479
   0.000298257527909
  -0.000310594168786
   0.000322484766328
  -0.000333946696225
   0.000344996530519
  -0.000355650081474
   0.000365922442678
  -0.000375828027560
   0.000385380605512
  -0.000394593335799
   0.000403478799382
  -0.000412049028837
   0.000420315536463
  -0.000428289340738
   0.000435980991205
  -0.000443400591915
   0.000450557823508
  -0.000457461964033
   0.000464121908578
  -0.000470546187802
   0.000476742985420
  -0.000482720154729
   0.000488485234215
  -0.000494045462315
   0.000499407791380
  -0.000504578900882
   0.000509565209923
  -0.000514372889082
   0.000519007871635
  -0.000523475864200
   0.000527782356820
  -0.000531932632541
   0.000535931776494
  -0.000539784684520
   0.000543496071361
  -0.000547070478450
   0.000550512281302
  -0.000553825696557
   0.000557014788668
  -0.000560083476271
   0.000563035538248
  -0.000565874619497
   0.000568604236433
  -0.000571227782223
   0.000573748531786
  -0.000576169646549
   0.000578494178993
  -0.000580725076983
   0.000582865187903
  -0.000584917262608
   0.000586883959189
  -0.000588767846578
   0.000590571407988
  -0.000592297044202
   0.000593947076716
  -0.000595523750750
   0.000597029238121
  -0.000598465639998
   0.000599834989535
  -0.000601139254395
   0.000602380339162
  -0.000603560087660
   0.000604680285164
  -0.000605742660527
   0.000606748888216
  -0.000607700590265
   0.000608599338146
  -0.000609446654568
   0.000610244015194
  -0.000610992850305
   0.000611694546378
  -0.000612350447615
   0.000612961857410
  -0.000613530039748
   0.000614056220563
  -0.000614541589032
   0.000614987298825
  -0.000615394469305
   0.000615764186681
  -0.000616097505119
   0.000616395447808
  -0.000616659007987
   0.000616889149937
  -0.000617086809926
   0.000617252897132
  -0.000617388294520
   0.000617493859693
  -0.000617570425713
   0.000617618801884
  -0.000617639774516
   0.000617634107655
  -0.000617602543792
   0.000617545804539
  -0.000617464591287
   0.000617359585840
  -0.000617231451025
   0.000617080831280
  -0.000616908353225
   0.000616714626205
  -0.000616500242827
   0.000616265779464
  -0.000616011796755
   0.000615738840075
  -0.000615447440002
   0.000615138112756
  -0.000614811360633
   0.000614467672418
  -0.000614107523786
   0.000613731377693
  -0.000613339684744
   0.000612932883565
  -0.000612511401147
   0.000612075653185
  -0.000611626044410
   0.000611162968903
  -0.000610686810404
   0.000610197942608
  -0.000609696729450
   0.000609183525391
  -0.000608658675677
   0.000608122516608
  -0.000607575375788
   0.000607017572367
  -0.000606449417284
   0.000605871213488
  -0.000605283256168
   0.000604685832964
  -0.000604079224179
   0.000603463702977
  -0.000602839535583
   0.000602206981470
  -0.000601566293548
   0.000600917718335
  -0.000600261496138
   0.000599597861216
  -0.000598927041946
   0.000598249260979
  -0.000597564735394
   0.000596873676848
  -0.000596176291718
   0.000595472781242
  -0.000594763341659
   0.000594048164333
  -0.000593327435888
   0.000592601338330
  -0.000591870049167
   0.000591133741527
  -0.000590392584275
   0.000589646742115
  -0.000588896375709
   0.000588141641773
  -0.000587382693179
   0.000586619679060
  -0.000585852744897
   0.000585082032619
  -0.000584307680691
   0.000583529824199
  -0.000582748594942
   0.000581964121508
  -0.000581176529360
   0.000580385940912
  -0.000579592475606
   0.000578796249986
  -0.000577997377771
   0.000577195969924
  -0.000576392134722
   0.000575585977822
  -0.000574777602323
   0.000573967108833
  -0.000573154595529
   0.000572340158215
  -0.000571523890381
   0.000570705883261
  -0.000569886225884
   0.000569065005133
  -0.000568242305792
   0.000567418210599
  -0.000566592800297
   0.000565766153679
  -0.000564938347635
   0.000564109457201
  -0.000563279555599
   0.000562448714285
  -0.000561617002987
   0.000560784489746
  -0.000559951240961
   0.000559117321422
  -0.000558282794352
   0.000557447721442
  -0.000556612162888
   0.000555776177426
  -0.000554939822365
   0.000554103153621
  -0.000553266225754
   0.000552429091990
  -0.000551591804262
   0.000550754413234
  -0.000549916968333
   0.000549079517776
  -0.000548242108600
   0.000547404786688
  -0.000546567596795
   0.000545730582575
  -0.000544893786607
   0.000544057250417
  -0.000543221014506
   0.000542385118369
  -0.000541549600521
   0.000540714498521
  -0.000539879848987
   0.000539045687626
  -0.000538212049247
   0.000537378967788
  -0.000536546476329
   0.000535714607119
  -0.000534883391588
   0.000534052860367
  -0.000533223043312
   0.000532393969512
  -0.000531565667312
   0.000530738164330
  -0.000529911487471
   0.000529085662943
  -0.000528260716275
   0.000527436672329
  -0.000526613555318
   0.000525791388818
  -0.000524970195782
   0.000524149998558
  -0.000523330818897
   0.000522512677970
  -0.000521695596377
   0.000520879594166
  -0.000520064690839
   0.000519250905368
  -0.000518438256202
   0.000517626761287
  -0.000516816438067
   0.000516007303502
  -0.000515199374078
   0.000514392665814
  -0.000513587194274
   0.000512782974580
  -0.000511980021417
   0.000511178349045
  -0.000510377971308
   0.000509578901643
  -0.000508781153091
   0.000507984738301
  -0.000507189669542
   0.000506395958712
  -0.000505603617344
   0.000504812656614
  -0.000504023087352
   0.000503234920045
  -0.000502448164846
   0.000501662831585
  -0.000500878929771
   0.000500096468601
  -0.000499315456967
   0.000498535903464
  -0.000497757816393
   0.000496981203772
  -0.000496206073336
   0.000495432432550
  -0.000494660288612
   0.000493889648455
  -0.000493120518761
   0.000492352905959
  -0.000491586816233
   0.000490822255530
  -0.000490059229563
   0.000489297743813
  -0.000488537803540
   0.000487779413784
  -0.000487022579372
   0.000486267304920
  -0.000485513594840
   0.000484761453344
  -0.000484010884447
   0.000483261891972
  -0.000482514479558
   0.000481768650656
  -0.000481024408540
   0.000480281756311
  -0.000479540696894
   0.000478801233049
  -0.000478063367373
   0.000477327102301
  -0.000476592440111
   0.000475859382930
  -0.000475127932732
   0.000474398091347
  -0.000473669860461
   0.000472943241620
  -0.000472218236233
   0.000471494845575
  -0.000470773070790
   0.000470052912895
  -0.000469334372781
   0.000468617451217
  -0.000467902148853
   0.000467188466222
  -0.000466476403743
   0.000465765961723
  -0.000465057140360
   0.000464349939746
  -0.000463644359870
   0.000462940400616
  -0.000462238061772
   0.000461537343027
  -0.000460838243976
   0.000460140764121
  -0.000459444902875
   0.000458750659559
  -0.000458058033412
   0.000457367023585
  -0.000456677629149
   0.000455989849093
  -0.000455303682330
   0.000454619127693
  -0.000453936183943
   0.000453254849766
  -0.000452575123777
   0.000451897004523
  -0.000451220490481
   0.000450545580063
  -0.000449872271615
   0.000449200563422
  -0.000448530453705
   0.000447861940627
  -0.000447195022291
   0.000446529696743
  -0.000445865961975
   0.000445203815921
  -0.000444543256466
   0.000443884281442
  -0.000443226888629
   0.000442571075759
  -0.000441916840519
   0.000441264180544
  -0.000440613093428
   0.000439963576719
  -0.000439315627922
   0.000438669244501
  -0.000438024423879
   0.000437381163437
  -0.000436739460522
   0.000436099312438
  -0.000435460716457
   0.000434823669812
  -0.000434188169705
   0.000433554213300
  -0.000432921797732
   0.000432290920102
  -0.000431661577482
   0.000431033766912
  -0.000430407485404
   0.000429782729942
  -0.000429159497482
   0.000428537784952
  -0.000427917589258
   0.000427298907278
  -0.000426681735866
   0.000426066071852
  -0.000425451912046
   0.000424839253232
  -0.000424228092176
   0.000423618425621
  -0.000423010250292
   0.000422403562892
  -0.000421798360109
   0.000421194638609
  -0.000420592395043
   0.000419991626046
  -0.000419392328234
   0.000418794498208
  -0.000418198132557
   0.000417603227852
  -0.000417009780651
   0.000416417787499
  -0.000415827244929
   0.000415238149460
  -0.000414650497599
   0.000414064285844
  -0.000413479510680
   0.000412896168581
  -0.000412314256014
   0.000411733769434
  -0.000411154705288
   0.000410577060014
  -0.000410000830042
   0.000409426011794
  -0.000408852601685
   0.000408280596124
  -0.000407709991511
   0.000407140784243
  -0.000406572970707
   0.000406006547290
  -0.000405441510369
   0.000404877856320
  -0.000404315581511
   0.000403754682310
  -0.000403195155079
   0.000402636996177
  -0.000402080201959
   0.000401524768779
  -0.000400970692988
   0.000400417970935
  -0.000399866598967
   0.000399316573428
  -0.000398767890664
   0.000398220547017
  -0.000397674538829
   0.000397129862444
  -0.000396586514202
   0.000396044490444
  -0.000395503787515
   0.000394964401755
  -0.000394426329508
   0.000393889567120
  -0.000393354110934
   0.000392819957299
  -0.000392287102563
   0.000391755543076
  -0.000391225275191
   0.000390696295263
  -0.000390168599649
   0.000389642184710
  -0.000389117046807
   0.000388593182307
  -0.000388070587579
   0.000387549258994
  -0.000387029192929
   0.000386510385764
  -0.000385992833882
   0.000385476533669
  -0.000384961481519
   0.000384447673827
  -0.000383935106993
   0.000383423777422
  -0.000382913681524
   0.000382404815714
  -0.000381897176411
   0.000381390760041
  -0.000380885563034
   0.000380381581824
  -0.000379878812854
   0.000379377252569
  -0.000378876897423
   0.000378377743874
  -0.000377879788386
   0.000377383027430
  -0.000376887457481
   0.000376393075024
  -0.000375899876548
   0.000375407858547
  -0.000374917017526
   0.000374427349992
  -0.000373938852462
   0.000373451521458
  -0.000372965353510
   0.000372480345155
  -0.000371996492935
   0.000371513793403
  -0.000371032243116
   0.000370551838640
  -0.000370072576548
   0.000369594453419
  -0.000369117465842
   0.000368641610412
  -0.000368166883732
   0.000367693282412
  -0.000367220803073
   0.000366749442338
  -0.000366279196844
   0.000365810063232
  -0.000365342038152
   0.000364875118263
  -0.000364409300230
   0.000363944580729
  -0.000363480956441
   0.000363018424058
  -0.000362556980278
   0.000362096621810
  -0.000361637345368
   0.000361179147678
  -0.000360722025470
   0.000360265975487
  -0.000359810994478
   0.000359357079201
  -0.000358904226423
   0.000358452432918
  -0.000358001695470
   0.000357552010872
  -0.000357103375925
   0.000356655787439
  -0.000356209242231
   0.000355763737130
  -0.000355319268971
   0.000354875834600
  -0.000354433430868
   0.000353992054640
  -0.000353551702785
   0.000353112372185
  -0.000352674059727
   0.000352236762311
  -0.000351800476842
   0.000351365200237
  -0.000350930929419
   0.000350497661322
  -0.000350065392889
   0.000349634121071
  -0.000349203842828
   0.000348774555130
  -0.000348346254955
   0.000347918939290
  -0.000347492605131
   0.000347067249485
  -0.000346642869363
   0.000346219461792
  -0.000345797023801
   0.000345375552434
  -0.000344955044739
   0.000344535497776
  -0.000344116908614
   0.000343699274329
  -0.000343282592008
   0.000342866858747
  -0.000342452071649
   0.000342038227828
  -0.000341625324406
   0.000341213358514
  -0.000340802327293
   0.000340392227892
  -0.000339983057468
   0.000339574813190
  -0.000339167492233
   0.000338761091782
  -0.000338355609032
   0.000337951041185
  -0.000337547385453
   0.000337144639057
  -0.000336742799226
   0.000336341863200
  -0.000335941828226
   0.000335542691559
  -0.000335144450467
   0.000334747102221
  -0.000334350644106
   0.000333955073413
  -0.000333560387443
   0.000333166583505
  -0.000332773658918
   0.000332381611007
  -0.000331990437110
   0.000331600134570
  -0.000331210700741
   0.000330822132985
  -0.000330434428672
   0.000330047585182
  -0.000329661599902
   0.000329276470230
  -0.000328892193570
   0.000328508767337
  -0.000328126188953
   0.000327744455850
  -0.000327363565466
   0.000326983515251
  -0.000326604302660
   0.000326225925160
  -0.000325848380225
   0.000325471665336
  -0.000325095777984
   0.000324720715669
  -0.000324346475898
   0.000323973056187
  -0.000323600454061
   0.000323228667053
  -0.000322857692704
   0.000322487528562
  -0.000322118172187
   0.000321749621145
  -0.000321381873009
   0.000321014925362
  -0.000320648775795
   0.000320283421908
  -0.000319918861307
   0.000319555091608
  -0.000319192110435
   0.000318829915419
  -0.000318468504200
   0.000318107874426
  -0.000317748023752
   0.000317388949844
  -0.000317030650372
   0.000316673123018
  -0.000316316365468
   0.000315960375419
  -0.000315605150574
   0.000315250688646
  -0.000314896987354
   0.000314544044426
  -0.000314191857596
   0.000313840424609
  -0.000313489743214
   0.000313139811171
  -0.000312790626247
   0.000312442186215
  -0.000312094488857
   0.000311747531963
  -0.000311401313330
   0.000311055830763
  -0.000310711082075
   0.000310367065085
  -0.000310023777622
   0.000309681217520
  -0.000309339382622
   0.000308998270778
  -0.000308657879847
   0.000308318207692
  -0.000307979252187
   0.000307641011212
  -0.000307303482654
   0.000306966664408
  -0.000306630554374
   0.000306295150464
  -0.000305960450594
   0.000305626452687
  -0.000305293154674
   0.000304960554495
  -0.000304628650094
   0.000304297439424
  -0.000303966920444
   0.000303637091123
  -0.000303307949434
   0.000302979493357
  -0.000302651720882
   0.000302324630003
  -0.000301998218723
   0.000301672485051
  -0.000301347427003
   0.000301023042601
  -0.000300699329877
   0.000300376286866
  -0.000300053911614
   0.000299732202169
  -0.000299411156590
   0.000299090772941
  -0.000298771049293
   0.000298451983723
  -0.000298133574316
   0.000297815819163
  -0.000297498716362
   0.000297182264017
  -0.000296866460240
   0.000296551303148
  -0.000296236790865
   0.000295922921523
  -0.000295609693258
   0.000295297104215
  -0.000294985152544
   0.000294673836402
  -0.000294363153952
   0.000294053103364
  -0.000293743682814
   0.000293434890485
  -0.000293126724565
   0.000292819183250
  -0.000292512264742
   0.000292205967247
  -0.000291900288981
   0.000291595228163
  -0.000291290783021
   0.000290986951786
  -0.000290683732698
   0.000290381124002
  -0.000290079123949
   0.000289777730796
  -0.000289476942808
   0.000289176758252
  -0.000288877175406
   0.000288578192550
  -0.000288279807972
   0.000287982019965
  -0.000287684826829
   0.000287388226870
  -0.000287092218398
   0.000286796799732
  -0.000286501969194
   0.000286207725112
  -0.000285914065822
   0.000285620989665
  -0.000285328494986
   0.000285036580138
  -0.000284745243479
   0.000284454483372
  -0.000284164298186
   0.000283874686297
  -0.000283585646085
   0.000283297175936
  -0.000283009274243