          0
          0
          0
          0
          0
          0
          0
          0
          0
          0
          0
          0
          0
          0
          0
          0
       5090
    -296464
    1351201
    1265361
   -1163660
    6030605
    8843502
   32187719
  -15159670
   59518004
  -17168564
   28429785
   23834901
   91502979
   18931930
  182011610
   42805393
   89887571
  -84196053
  165234533
  113900695
 -127957064
  189518343
  151829427
   88774316
   53564226
  165636372
  -69414861
 -168080018
  103614122
  126088920
   26366910
  -47297904
  208295510
  114050563
  -67657099
  -81798590
  -19999382
 -184704844
   81472430
   79636428
 -144967993
    8137468
  -22234834
  -92058640
  -63167982
  138873446
  -61937454
   70777491
   -4139009
  118246696
  105088005
 -116474909
   32689967
  -79397139
    3587187
  186007494
   27017695
 -338876079
  100837578
   17364869
 -389549332
 -106025413
 -135889910
 -216205688
 -187940843
  124531405
    6348797
 -137690331
   91356566
   -2717078
    4471068
  115864038
  -61870287
  174560800
  -57109073
   44146625
  208390929
  -36860461
  205181542
  -73901965
   66347682
  263178559
   -4598118
  -70142334
   67972730
   19315136
   38109022
   92467196
   91393729
  -95381996
   49113978
   93685859
  -46634372
    -529761
   72789921
   46399521
 -220362691
  198023320
  -43329281
 -147382398
  274582839
 -133890484
  124360724
   -5960163
   39116940
  207403665
  -97374769
  -40549592
  -59177657
   70975075
   58408331
  115359426
 -174935587
  185016114
  235482293
 -133670500
   -2813203
  115110878
   20730164
    1425188
  111261052
  -87308712
  144209932
  144643928
    7159754
  -16453933
 -105737783
 -107579034
 -131120425
  -94408323
   81944318
  -65736035
 -220881542
  -52039312
  -11746701
   10509226
  -26965650
 -107801358
  -90391864
   19306569
  -15793374
  177294086
  128839546
 -205715698
 -206219290
  -56510590
  208768785
  -76727343
    1083019
  276976773
   43092940
  124595003
  342622807
  197320600
  -48988856
  198327419
   43083701
 -111059733
  189785544
   26129832
  -46030155
  197489852
  210576939
  -83711539
  172571032
   -1719935
  -14555323
  265090227
   -1024484
  197098583
   23726104
 -324067979
 -134404299
   -2320897
 -197978055
   -9931979
  -43778804
 -282091561
 -118939566
 -171626525
   26783771
 -133715036
 -270375528
   90345452
 -265876002
 -240212378
   -9079337
 -159004217
  -63072236
  165573220
 -196055935
 -205714901
  107206020
  -14611042
  272795425
  -56013252
   46500878
  285266408
   72929112
  183498095
    7120807
  -24057626
   64450851
  163162587
  -17989801
   -6485839
   20645921
  -87292028
  208928655
  -41829607
   98357578
   49147023
 -197832874
   -2467484
 -119827687
 -207542480
  -39113680
   18792219
  -92516551
 -178816604
 -257443573
 -153223925
 -175977488
   -7118694
   -6228642
  -53900421
 -140442104
   50570325
  -30384220
 -145140704
 -103446357
 -120885711
  -37469373
    4960492
  -98197658
 -282111300
 -302247802
 -116824697
  241448676
 -138763156
  165025686
  135794945
   94996690
   95090002
  141670532
 -232596898
 -126912756
  384498961
 -183732836
   57890977
 -208353838
 -176084045
  -28734562
  123501707
  -52497389
  -14373586
  -40598948
   94343699
  -48588511
 -323242987
  171676202
 -126100744
   93430338
   15077740
   31980226
  -81956937
  -87094135
  100939708
  146422199
    -812444
  181278459
  199642878
   69634319
   41617013
  -11024934
  320953543
  251227542
  -82886679
   63314503
   32089814
  110792120
  -23753548
  -41277127
  -21000617
  173657453
  121486693
  125095299
  222775839
  287760177
   54772794
 -301284350
 -129572544
  -49208550
 -139509803
  -66503521
 -259308432
 -215173473
 -176420824
 -136659608
 -121775317
 -166943989
   45953004
  -92793281
   18162777
  112644454
  123250970
  133948641
   40555007
  118273313
  -12760482
 -128905520
  -45287822
  237963785
  -69372088
  142664726
   90759873
  -88992704
   38931885
 -155013042
  102950920
  -41003038
   51703342
  -92968066
  248756184
  386641400
 -142066068
  -52498396
  -27202030
  -96507779
 -247566295
  -67026842
 -278636025
 -290290533
   -3392538
  187326222
 -223031841
 -285753370
  230703327
   89378677
  -47593435
   79556929
   -5626779
 -107673335
  103770162
   41176103
  134962669
  -15760241
 -254878038
  173256218
  108409877
  -56095493
 -206312644
  -21403248
  262741212
 -100716396
  193467117
  289751706
 -320410762
  -63639996
  141367279
  190214901
 -347352359
  -84774058
  151627996
  -35204372
  -29214947
 -366086248
  102465382
 -219178648
 -249457906
  193804063
 -162800497
 -245576634
  378529776
   -1689239
 -158627853
   74683311
 -175196769
  119463830
  120875603
 -202623985
 -138269930
   44910788
   45473647
    5013724
  -18907262
  -69082560
 -185787464
   52067360
  -33919611
    8131619
 -109666870
  -41660976
  178555455
  -58719570
  175327308
  -42535064
  -76223892
   26795103
  300317083
 -104902727
  223489512
  256111190
 -432987446
  178124795
   72554084
  -38659426
   -6434618
    4735118
 -180655221
  105391334
  -26487179
 -174959104
  145666546
 -216268755
   50501591
   20565541
 -342156973
 -410204960
   27896721
  417052610
   50917526
 -158245184
 -354405647
  -91350168
  382258861
   14263808
  154050387
 -106709645
  -71626758
  451370256
  -62281129
   55590096
  -97995950
   69626108
  408816140
  129458291
 -371849048
    7690695
  223249278
  105154271
  345404448
 -172630466
  102039799
  -73588469
  144389171
   94419221
 -245773032
   31153686
 -445870173
  -30966427
 -205053715
   68530923
   26416827
 -454739791
   53305923
 -326889848
   92391923
  196111107
  -31542473
  -55892531
  -76668598
    1677184
 -213223586
   -7148515
 -117368948
   81533880
  374052890
  151212776
 -341386270
  297609448
  457444004
 -536870912
  305236851
  189276716
 -291156134
  354127984
 -198399829
  281165661
  216632410
  -57728176
   20887303
  -15975649
 -141177733
 -484815434
  329297395
   13908219
  135260913
  -20443732
 -316972234
  -52522623
 -111292743
  196512616
   -8830486
 -276120846
 -160777203
  390764139
  -32327289
 -142302085
 -217533154
 -420529092
  160034773
  140435736
 -129304881
 -194879507
   46583834
 -220950285
  -26298973
  -50585730
 -130980281
   84656803
  -29331146
   49083880
 -189706835
 -169865983
   94107752
  203813215
 -204184619
 -125551371
 -118960002
  -77392791
   82431642
   -3792761
 -142517207
   87933669
 -223884879
 -289061085
  301658361
   -6983913
   83549319
  -34160903
 -409290957
  213340018
   27520289
 -271520386
  110318535
  -90500875
  191331324
 -281289650
 -274287166
  326857260
 -199498655
   54613832
  222138864
   40351696
 -264993197
 -222215082
  252715847
   47283564
 -350156460
  144243519
  -49032319
 -284870739
  329365015
 -427506728
  536870911
  225645372
 -536870912
  221360964
   67028122
  197776049
  -99192196
   60232324
  158159347
 -404906760
 -160811316
  536870911
 -235351969
 -304018617
  318613028
 -393502538
  194407190
     547521
 -517714932
   -5583024
  143720808
  277486139
  -38521680
 -129927033
  208113703
 -284624677
  110385902
  207829229
 -257586684
   80824982
   95036108
   78098165
   73349042
 -381551544
 -157625696
  444611692
  151604422
 -179044277
 -128832203
 -146393890
  134159080
  349969604
  332908981
 -125801292
 -162959250
 -257354318
  220935753
  536870911
 -151657412
 -128377520
 -174814150
  183498898
  342653858
   33696800
  165004875
   11638916
 -467961679
  -87712881
  497692622
 -297175370
 -149216024
  217257826
  105800650
 -318428983
 -267825114
  -49384498
 -169151681
 -287392191
  -61295812
  -42610988
 -302620063
  128350090
 -156664686
 -522559925
  -61687906
 -416944369
  -59458596
  497234831
 -197087721
 -338009835
 -279574580
  282245024
   87068781
 -536870912
  -68826846
  200754795
    2326810
  320421902
  -70302136
 -291530859
 -305325514
   70147602
  280134251
 -151105683
 -216421536
  165834934
  111855244
  -41843050
  486530712
  133172090
 -287532022
   49723266
 -141350403
  202302452
  274340730
 -248094908
  123147365
  -17112674
 -178036467
  231494100
 -119527812
   -8414297
  -44486936
 -536870912
  117055808
  247556905
 -105571207
  217537614
 -106706535
 -487158142
 -332160010
  116953630
  393100368
  -34091456
 -168787333
  -88738118
 -286917321
 -192546754
 -176129816
  193033787
  169015197
 -268043037
 -289412412
   43299021
  228025605
   70720140
 -364455424
 -274258751
   87021260
 -258503877
  -69291961
  -25732639
  -84747615
  268480672
 -375625163
 -171986822
  361461838
 -164049273
  -74858299
  173014047
  -81203372
  211901033
  113215664
 -304071626
 -175833906
   75034476
  237238569
  280381211
  -47541679
   90373696
 -139231998
 -521156539
  536870911
  -38046834
 -185505415
  487545558
 -152246588
 -170536148
  351963202
 -414325790
 -294485359
  505285458
 -183267106
 -161575148
  135196420
  369500419
   81878996
   54808407
 -107377471
 -536870912
  -27929920
   23177072
 -194560296
   47759266
  478234794
   61148891
  118292068
 -135013521
 -165761526
 -319643932
  -96892944
  207230386
 -185429502
   -2351269
 -305190490
 -157206266
 -181291113
 -110080914
  355771625
  331849339
  -33228146
  -19778395
 -202061338
  -63471255
  233758079
 -168716216
 -176434102
    6275482
  131162122
 -305016467
 -418170623
  278507674
 -317692923
  166026203
  107570777
  -47021170
  190665978
  496117092
 -128221665
  -89701118
   44217197
 -226426245
   55332776
  128022419
  331515105
 -510762040
  140862388
  312259459
 -168615690
 -509674833
  200862479
  319463725
 -340883633
  229343843
  -95576263
  -82180536
  125089590
  150096192
 -202011960
   77971806
   33065607
   -9204621
   75469434
  145410944
   63083394
  -82667535
  121506175
 -258558579
 -485715209
   28257086
  536870911
   50916244
 -447454305
 -106316244
   97228203
  127085495
 -141239482
  119907452
   87781997
  -85263480
  382531549
  374357446
 -286720536
   -3671043
  302928853
   24623134
  -47568401
  112586586
 -235316776
 -517637695
  415504296
 -113900031
  149289643
  350205828
 -150627079
   66823494
   88617634
 -120959641
  135676391
 -289661445
  169272873
  334214090
 -402136711
  449369048
   67569592
    2159773
 -105289587
 -363334922
  -85179904
   20914303
  349727058
  441104396
 -525248446
 -417451760
   49329086
 -148369890
  536870911
   22393619
 -143032154
  -74824605
 -327807180
 -129657812
   28561692
 -257864367
 -262505288
 -195575693
   -9197085
  536870911
 -366235917
  516680900
  239269580
 -329031212
 -140920688
 -300572883
  499806322
  -47459636
  162778160
  344632418
 -225858166
  281697008
  -81574433
  -59872691
  -41137517
 -238134015
    4237536
  331094439
 -389281003
  536870911
 -245396314
   -9005137
    5715484
 -536870912
  536870911
  -84575278
  196209846
  126504415
   89281412
  121698906
 -536870912
 -536870912
 -169026951
  159060176
 -353975340
  -75436163
  135091629
  -84691477
  270438641
  253449917
    7426032
 -430772078
   43394214
  120189780
  107072103
  -88588213
 -245285182
  530455623
  249928141
  165604069
 -339103335
 -261414177
  300366777
 -163143769
 -256436335
 -224486292
  137155999
  282534279
  165097955
    5698729
 -103408773
  161019794
  351172564
    -374325
 -166253285
  202231621
 -166731052
  182170242
  341494787
 -166624903
   89307953
   28769349
 -398083010
  -36206229
  -89584719
  162634136
  -62872850
 -536870912
  318625518
  536870911
  376990733
   39636196
   27931291
  165899423
 -134964166
 -266408029
 -148245407
  -25969391
  148802031
  406518780
 -151704717
 -275999823
  -11406514
  136783670
  505597218
 -135645539
 -536870912
 -498270981
  230516274
  368217199
 -169195995
 -519644666
 -253762621
  103738665
 -486066988
  -36252162
  370914313
 -453934490
  324583509
  536870911
 -442593865
 -104663367
   36225748
 -245772111
  217126252
  438974592
 -362817664
   -5326869
  436606770
  268933109
  302398245
   68268262
   41564355
 -380370314
 -277525746
   68376238
  -45617360
  219499479
  523205430
  358556108
 -249908906
 -291302159
 -536870912
 -203900440
  356724066
  170423177
  -54514183
 -296977688
   12005292
  -65589449
  248794447
 -345981815
 -460703283
  -62754612
 -329339822
   67498085
 -411767624
  232097888
  226783080
 -536870912
 -422376253
 -269620057
 -311587147
  -95929719
 -178342099
  -33368801
  373221730
  188938368
 -255720603
 -136241826
  -98813823
  509738063
  264735158
 -536870912
  -76504019
  277085175
  536870911
  363160209
  -55482049
   30565030
  482017530
  332330076
 -331139087
 -190209148
  459140441
  237921301
   88727575
 -444653866
 -189476131
 -192123521
 -169618150
  -34006143
  104381116
  431622187
  128073949
    8467337
 -536870912
  220102128
 -273916851
  -85148831
  223969158
 -205501134
  458301502
 -404071056
  -18163118
   83699226
  288171643
  -94054515
 -330137278
 -243004730
  -66994236
 -108323879
   20767695
  311649584
  200707087
  -24417433
 -536870912
 -454985981
  -70089191
  230008164
  406097767
  444826530
 -494382922
 -260600442
  -36966669
   67650912
  213364083
 -457139541
 -367767412
   39467401
  230764837
  502703905
 -446269274
 -389442664
  499383972
  464783836
   77444507
 -536870912
 -368207958
  536870911
  536870911
 -262874834
 -536870912
 -101573277
  417432536
  202433726
 -473323054
 -536870912
 -202487186
  164944510
  536870911
 -470526073
 -221552433
   86447421
   46388899
  430993310
  -33017008
 -536870912
 -492465568
  470206751
 -521450656
 -488076733
   27313494
  175982064
  -13928293
  216443583
  137019943
 -228537361
    9934642
  -14482370
  -28747232
 -174293456
  -14158313
   88390555
  296238601
  398854735
 -530388546
 -217296448
   68207780
 -536870912
 -530833936
  211630206
 -156278264
 -189472890
  536870911
  536870911
  536870911
  536870911
  178250486
 -156220664
 -106829547
  -67240815
 -379310613
  116320968
 -185190111
 -233601990
  -60705932
 -536870912
 -170089019
 -181282454
 -303249408
   43746517
 -359157920
   57653039
  -74055894
 -431411195
  536870911
 -232167678
 -312020915
  505479960
  223726078
  165922573
  472195589
   22152422
  404680132
  317887348
  105192940
  530617214
  -62633718
  364262412
  477533602
 -251153459
  -13912410
 -147098385
 -302269563
 -230365088
  -68480755
  199058498
 -354086043
 -102682736
 -161159611
 -536870912
  290416207
  377694636
   64590882
  236673648
 -117235826
  353347932
  -62175647
  181498327
  304079598
 -228910227
  379069640
  441803214
   30959224
  122626232
   27994733
  389020773
 -373980469
    1831528
  107187466
 -123497071
  321551571
   90559576
 -192534202
 -213391283
  317352699
  -21750419
  197453766
 -293264015
  491818913
  230123819
 -460119168
  472910625
  -86685155
 -303272518
  101458767
   -1255584
  240416618
  -52579376
  155885054
  354916943
 -536870912
  150379147
  161293234
 -474131801
  -46270749
 -332215948
   85895974
  408829695
 -361593071
  340342031
 -536870912
 -448102986
  115953376
 -536870912
 -167986792
 -536870912
 -297027984
  362496354
  -89429149
  115649376
 -309914781
  -14195976
 -406833047
 -338740999
  -72800396
 -258729094
  433374440
 -245061066
  105948615
  255274449
  119532694
  443319834
   84556491
  445811608
  240493756
  322499110
  108346679
 -115729455
   25020188
   22844988
   92606684
  202075566
  251631228
  138586334
    -886937
  536870911
   43733586
 -152306219
   20949799
 -213767393
  275329436
   67238050
  454208084
   82281702
 -460731261
  536870911
 -331909888
   31859404
   11849173
   57013249
  295805585
 -169007701
   11798250
 -234742739
  225042770
 -536870912
   39808462
 -139237199
 -109534002
  197649024
 -536870912
 -167356834
  -41195337
  -11058104
 -373435365
 -164772857
  -62388549
 -298265296
 -270092299
 -140969093
  142632244
 -176975461
 -514062940
 -171111890
 -199610794
 -261913432
  265022396
  414594167
 -536870912
  319699072
  -84982479
  -40795284
  -59631448
 -372654742
  341103584
 -517335353
  536870911
  -82649373
 -226991985
 -169405548
   64840933
  -70507134
 -362043263
  409470942
 -200105241
  289761714
  425043085
  233937366
  307124389
  -99654227
  340859427
 -536870912
   77611640
  342595223
 -170457198
 -303004358
  286158254
  -71382359
  -56487551
  231134699
 -137925190
  192731250
 -214726073
   99569479
 -189249375
   55387106
  469922434
 -513888920
  509772985
   15343582
 -400433993
   83833177
 -151600588
  160979409
 -355455054
 -146634478
 -416554714
 -160239309
  121414250
 -165119469
 -210256086
   48150226
 -536870912
 -247772462
 -161834484
 -237029961
  306705294
 -527855376
  -17339237
 -306682347
 -320432357
  -92299842
 -155278007
  -66892193
 -536870912
   76764916
  -29485268
  -49177402
  160889882
 -536870912
  109358293
 -536870912
  362897841
   37012779
 -244776897
  363078337
  -54408940
  532985319
  -32352080
  334804641
  305802291
 -158963794
  284399997
  379846866
  134554472
  154545161
  473163634
  372315089
   11414661
   53676177
  155103841
  -26296837
  536870911
  179091742
  536870911
   81993361
  536870911
  204719990
  304192349
 -134951347
 -536870912
  111840592
 -536870912
  241227960
  -70995111
  536870911
  462946767
  341168056
  253605628
 -172947005
 -135184446
   26278429
  -31506823
 -518774641
  532599968
  237252213
  194839170
 -317207350
  300990392
   45281258
 -355529200
   33620162
  374185209
  275942457
 -536870912
  521417691
 -205912300
  144553824
 -217923952
  316950520
  536870911
   39410140
  181844155
 -128998265
  396229669
  536870911
 -229299589
 -240003075
 -370970896
  309837774
    1533498
  -55088881
  181770244
 -118178349
  404546920
 -495083516
  393605290
 -242156576
  247124481
  335118916
 -132228178
  117842342
 -149443258
  128576422
  117230238
  536870911
  454612951
  536870911
  168688171
 -300981301
    -588570
 -158305023
 -536870912
 -227451385
   58206337
  135632087
 -208996577
 -100172872
   77289397
 -415649969
  -11881665
  451282371
  -33671843
   29351519
   24326198
  253827036
  109831603
  231505341
  117669628
   54633225
  166334672
 -392340194
 -156636215
  -33578357
 -306985647
  212131312
  330686871
  -30106249
   95974085
  536870911
  400552521
 -380708239
  102628620
  106714593
 -116336728
 -158262636
 -497945101
  255265174
 -536870912
  333326180
  -95243182
 -536870912
  375834598
 -211765775
  398209165
 -206775238
  -67097997
 -191652086
 -198189803
  194167634
 -536870912
   -9197064
 -423628418
 -317063668
 -427336888
 -128159281
  109841017
 -112816543
  150763393
 -402407977
  351111673
 -463486076
 -313783574
   53790403
 -449960988
 -105645882
 -536870912
  -27308450
  -55060077
 -277695422
  536870911
   98582759
 -392170134
   94895670
  536870911
  -52834142
 -320755654
  -40500799
  271859089
 -263912775
 -183622332
  525427164
   88819150
  -49095840
 -490826652
  169270589
   43472624
   -1169365
 -343877712
 -536870912
  -34341979
 -158325829
  339389330
  207481874
 -536870912
 -278266902
 -145514834
 -433383194
    1797842
  308233201
  -79938314
 -536870912
 -280475300
   22879101
  -72458300
  -23611676
   69976281
  536870911
 -310986992
 -158012462
  133934760
  270048600
   12534315
 -315746084
  426890510
 -366973349
  229354835
  -17116068
   49701920
  407572215
 -133507018
  536870911
  -74043446
   33865688
  157190663
 -221849638
 -347134709
 -225522184
  392023171
 -456773626
 -366379903
 -152807701
  -15315014
 -227228091
 -392097998
  416372234
  217082009
 -481129499
  254122290
  246634120
 -320454213
   44032620
  -37830669
 -208905528
 -280707643
 -133666758
 -214405941
  -89642231
 -159490726
  270225324
 -100707972
  311451208
  105232091
 -296113903
  345911641
 -536870912
  -61752880
  -46316965
 -536870912
  428975534
 -501781061
  126082290
  -16440779
   47432516
  536870911
 -395471197
  146103815
  433684498
  536870911
  244539479
 -118295650
  197554553
 -127605206
  171745588
  257953592
 -151086924
   44553800
  315080921
  -55029219
   70546282
  -32140470
   73996634
   57715687
  185286350
  536870911
  291056762
   27439459
  536870911
  -28607206
 -288474745
    9129410
 -115014598
 -414617624
  374419316
  361672317
 -231791733
  536870911
  371238254
  152774493
  401081346
  486765691
  536870911
   40140448
  259858197
  -96738367
 -463462415
  -83916717
  482107226
   74895101
   24028773
  385248758
 -118464527
   82637315
  -23396228
 -325401645
 -246994640
  438827158
  337841321
 -520117532
 -303472249
 -220725320
 -277833246
   32921705
 -462863170
  135875475
 -441685549
 -536870912
 -254726025
 -455418630
   37550796
 -306194302
  -80262156
 -477594990
 -335803025
 -536870912
 -536870912
    2735358
 -536870912
  196331638
 -272477314
 -205776045
 -420981392
 -536870912
  144738856
  -16156046
  250382274
   69689332
 -292306906
  340375278
 -359134417
 -278846633
 -134545912
  140766792
  505015994
 -100108366
  432813829
   62744685
  297159134
  163687751
  261848533
  536870911
  -18150038
  320661458
    -274659
   46829248
   26903156
  188111311
  211308607
  111029337
  536870911
   40583307
  -77125915
  -92214713
 -102197975
  -93209174
   26727612
  189571380
 -311461632
 -324913208
 -110165987
  186601095
  -81276867
  251277229
  277289846
  110958964
 -262371676
 -371094935
  278127421
   28570032
  226221783
  228757499
 -536870912
 -536870912
  -33331957
  299713509
  358720316
  -86491481
 -169896146
  -85700797
 -315299577
  167386456
 -170140396
 -109151573
   89908410
 -381995907
 -414125636
 -289221269
 -283206206
 -339338013
 -436581766
   32821782
   40702920
 -536870912
 -256275405
  155779397
  274837476
  -74338033
 -156189240
  363910299
 -212583087
 -391348179
   43732483
  472640837
  285320349
   55907520
   11646791
  -59909712
  165606030
  -76465531
  115748544
  536870911
  536870911
 -227683526
 -354320412
  263536324
  398966170
 -101414318
  -81211566
   22624495
 -340418912
 -364810266
 -111157829
  348882021
  257621983
 -196997746
 -536870912
  -17081529
 -443403528
 -536870912
  303152555
  -60193356
   -7108981
 -285518475
  167317095
  391358145
   23901647
  -74191319
   47505759
  272691203
 -470054497
   45689101
  270531717
  426248127
   95473067
  162470358
  536870911
  471970197
  536870911
   47049879
  536870911
  116083241
   17872728
    1110831
   97301478
   12189002
  206285141
  256969092
  536870911
    9154552
  255849946
  536870911
  477245344
  536870911
  -32472049
  416539885
 -119491813
 -367399828
 -536870912
 -392648045
  410175221
 -307448468
 -419734935
 -155134028
 -340743467
 -219695366
 -123155957
  247041551
  411701988
  477827338
  354229485
 -288434376
 -210321482
 -103771014
 -395938743
  -43468766
 -479735858
 -137115324
 -277377192
 -456355544
  315255979
  121132292
 -136978748
 -112524190
   56803969
    -783838
  -97467778
  206974325
  184683628
 -165429490
  142767188
  334711160
    8946028
 -116961850
 -477403558
  143643481
  383969664
 -341193091
  148047864
  357644272
  -70923524
 -205581151
 -102714410
 -340676836
 -505452362
  468091505
  200511964
 -536870912
 -427658142
 -197548053
 -460152026
 -498589639
 -277085737
   67883129
  175410169
 -241593925
  320363813
  -52099363
 -190987182
  -84449886
  536870911
   56666547
 -446311033
  348996628
 -194669411
  121873190
   34796859
  321659876
  291910861
  180641927
  193661185
  -17112296
  292445352
  279975251
 -134098610
 -351783036
   91446381
 -343905851
 -194776706
  -17796371
  -45914256
 -219758753
  -30095267
  426915372
  -12325510
  -14563696
  258864313
  251010033
  242163152
  202163989
 -134418581
  431527656
  472088442
  157991496
  -82106722
  -21270126
  -45956670
  261699894
  208451448
 -437681040
  394599793
   80377290
  -28626859
  -98937333
 -223618908
   85369831
  107398247
 -301560919
 -536870912
   84670525
   78297512
  -17967965
  -95466019
  -73114193
  -22691379
  417744480
  211846165
  -68299692
  441611166
  309739387
  193199101
  233982406
  354041884
  159899584
   98983118
  220957926
  376282895
 -106382609
 -319115754
 -187052022
    4364735
  536870911
 -327992906
 -266790267
  -17348229
 -302793185
 -107359240
 -228980830
 -536870912
 -536870912
  246335014
 -308865200
 -343233845
 -407355733
 -335833958
 -269036529
 -110824914
  -69988243
 -536870912
 -290126363
 -536870912
  252058806
 -187027449
 -536870912
  329627024
 -506648145
   90831056
 -522091935
 -450981266
  536870911
  434035022
 -322169332
  136922767
  338196447
 -220431884
  503343641
   59450727
  536870911
  474466580
 -455841624
 -216476133
 -188141945
  536870911
   94645797
 -122230687
   42787562
 -229542742
  237502122
 -267728416
 -142578591
 -272024257
 -258150852
  159610248
   59436313
 -284172423
 -100376261
 -121512528
 -125253992
  387419964
  344387565
  162169692
 -100747195
 -401158678
 -142742153
  103118203
  536870911
  536870911
 -171162520
   85247067
  -43627292
  373494585
   10207053
   80187971
 -173153308
 -244998263
  -13779695
 -121726769
  536870911
  -80582410
  -49061030
 -536870912
 -377018702
  335318195
   39306856
  527068471
   57127525
  187443120
 -536870912
 -329776538
  243645689
  365917365
  536870911
 -282509408
  251316813
 -459292212
   98020508
  135320460
  291790562
  536870911
 -264783359
 -294926528
 -536870912
  207888645
   24999635
 -214582020
   81156617
 -339283600
 -179919862
 -536870912
 -264815559
 -223471838
  -48252165
 -147650878
 -481213964
  256647881
 -534277543
 -457985915
  168787196
 -207535722
  220532912
  337752235
 -351013392
  -61138058
 -133285613
 -418398477
 -138269817
  -41250470
  379785258
   -7777928
 -536870912
 -280596593
 -302805721
  192080670
 -265926075
 -179766672
  530272888
 -205305442
 -420493932
 -132622170
  209303050
 -141970179
 -127977353
  -96678037
  415090911
  415506915
  284935691
   62361327
 -536870912
  328209205
  -16836557
  385232828
  536870911
 -194381842
   -4787218
 -536870912
 -536870912
  180431615
  316380293
  345762154
  147555267
   24967248
 -536870912
  -62199235
 -186747533
  358466138
  536870911
  536870911
  473086507
 -536870912
  236591973
   79504525
  447043763
  536870911
  -23682713
  536870911
  -56438876
 -470674068
  -87342646
   81415365
  536870911
  276512806
 -238626730
 -429128686
 -536870912
 -288512752
   29836898
  345950823
 -536870912
 -298234677
 -394920358
 -118949182
  262972704
 -500990601
   54984112
 -198682084
  214109800
 -536870912
   61594548
  505440956
 -234284805
  471226714
  -37992875
 -115575739
 -382252038
 -136354492
  239255057
  536870911
  536870911
 -536870912
 -293842187
  -11809475
  234077756
  336578457
  211508760
  496239772
 -469799772
 -102475842
 -536870912
  305458918
  394773050
  -66364062
  -64111099
  200438398
  458716279
 -489332133
 -146918194
  -71206078
  536870911
  481597840
 -112343004
 -325610198
   82839529
  268629307
   63092065
  -35767060
  504200661
  375302346
  -97874069
  450703493
 -408166191
 -116381396
   37567073
  -64466636
   90549981
  -94976673
   79901115
 -321128177
 -218346959
  201128095
  -33894651
 -536870912
   18299309
  536870911
  518305902
 -536870912
 -536870912
 -312156591
  536870911
   57733117
  425208151
 -389908139
 -371425824
  176635648
  447765402
  536870911
 -482963357
 -168986283
  -65679547
 -178245756
  536870911
  536870911
 -211059122
 -447278957
   81136677
   92562754
  142869778
  126079370
  495114066
  248366734
 -411623701
 -224760693
  168664858
  178617640
 -139420075
 -252558967
  374260772
  213223084
 -142203324
  187178867
  536870911
   63957863
 -115382117
  -42107969
 -207284754
  124754025
  235610995
  536870911
  -89421611
   34167797
 -131439426
 -536870912
  230880752
   73957876
  536870911
  168835002
  114032579
 -317228951
 -530359338
 -127281969
  170354797
  536870911
 -475531161
  130890939
 -180693437
  -64772527
  536870911
   87099053
 -320001304
 -302125081
  -53242861
   74813067
   24131790
 -454202237
 -107146063
 -326366326
 -191901798
  245910923
 -253523022
 -363877394
  175802970
  320415721
  251527997
 -139714733
  153968270
   18750734
 -384180392
  147672838
  127889749
   13310983
   75937353
  184509088
 -408926827
 -536870912
 -210311852
  -62666849
  -82517055
   72724194
   37763444
 -281324923
 -136079473
  364929769
  381686288
  481822712
 -101486516
 -376387266
   74313343
 -470413077
  501342623
  156302776
 -370626031
   -6255484
   51190263
   -6592958
 -439339649
  113139755
 -105092593
  106177958
  -61742572
   34079465
  318046431
 -428608220
  315897807
  101504929
 -201574075
   47238566
 -291554405
   93434809
  -26062731
  169472493
  506799169
  -40153683
  208750022
  385322502
 -111890513
 -130735277
 -154455715
 -339354505
   66243452
  126443637
 -153424696
 -189720082
 -283402660
 -323050892
  191806276
  352869559
  152373541
 -383122442
 -479006004
 -180662634
  -78448468
 -372095078
 -185904498
 -236522888
  186593709
 -249725118
  162535687
  -11604959
  -99847358
 -171403914
 -202936082
  205252965
 -391682486
  452082627
  138636879
 -199874527
  216784722
 -180821431
  536870911
  337054108
 -165808673
  432524912
 -334265580
    8294903
   94210959
  536870911
  470203317
   -4808528
  227669213
 -163930285
 -143373822
  -22775460
  114038172
  388681227
 -280814152
 -124055791
 -399674601
  -49398684
  509026730
  142269301
   72189962
 -352306967
  -34131658
  -95326155
  312112663
  153261837
 -132059580
  420605863
 -314568255
  -66902935
  159008830
  190966315
  109023987
  268175004
 -168061746
 -319791550
  125405396
 -531027370
 -312451034
 -116884491
  -53864863
 -170132197
 -536870912
 -536870912
  -32552162
   89883318
  293700641
  115003480
  190462875
   -9059283
  -30801065
  190891072
  200713149
  536870911
  -91117237
  419470644
  412890530
   72686497